00001 Untitled 13:07:48.63 27-NOV-22
      17      10       4       8      15       5      16      12       4       8
       6       7       9       8       7      13      11      13      13       9
       5      11      12       6       8      17      12       8      11       8
       9       8      10       9       4       7      15       7      10       8
      14       8      10      12      15      11       6       8       5       9
       8       6       9       6       7       7       6       7       9      11
      10       9       6      11       7       7      11       7      10       7
      10       8       6      10      14       8       5       9       8       1
       6      13       2       8       8       5      10       7       8      11
      11       9       8       7      13      12      10       6       9       7
      10      11       9       9      11       8       6       4       5      11
       7       8       2       9       7       3      13       3       9       8
       9       7       9       8       4       9      11      13      10       9
       8       5       4       7       7      14       8      12       2      10
       8       9       8       7       9       4       5       8      13       6
       5       5       5       6      15       9       5       8       7       8
       5       5      10       7       7      10       8       3       9       6
       7       8       9       5       5       4       8       6       9      14
       6       6       5       8       4      14       9       5       9       4
       8      11       6       8       6       9      11      10       8       7
       6       7       7      10       7       7      11       8      12       7
       7       6       7       9      11      11      12       8       6      10
       5       9      10       8      13       6      10       8       9       9
       7      12       9       8       7       9       5       9       9      13
       6      17       9       8       3      10      10       9       6       5
       6       9      11      14       6       8       7      11       9       8
       7       4       7      13       6       5      15       4       6      14
       8      12       8       6       9       8       8      14      12       5
       9       3      10       8      10       7       9      11       8      11
       8      12      11       6       3       7       6       5      10       5
       8       9      14      16       7       3       7       9       4      10
       9       9       7       8       8       6       3       6      12      10
      11       8      11      12      11       5      15       5      10       6
      10       6      13       8       7       8      11       7       9      15
       6      11       5       8       6       9       7       4       6       8
      12      10       5       7      13       7       8       8       6       6
       5       9      15       7       7       6       5       4       9       7
       8       9       5       7       9       9      10      13       4      10
       9       3       9      12       6       8      10       7       9       8
       3       5       9       8      11      10       9      11       5       8
       7       8      15       6       8       5      11       8       8       5
      14      14       6       6       5      10       5       7       6       8
       7       6       9      10       8      11      12      10      15       4
       3       4      10      13      12      10       4       7       7       9
       5       8      11       8       6       7      13      10      13       9
       9       9       7       3      10      13      10      11       9      11
       9      12       5       9       6       6       5       9      11       4
       6      12       9       9       5      12       5       6      13      10
       8      10       8       9      11       6      11       8       9       6
       8       9       7       8      12       9       5       8       5      10
       2       6       8      11       3       6      11      11       8       8
      10       7       6      10       9       7       8      12      16      15
       4      10      11       9       7       9      12      11       5      11
       4       5       6      11       9       4      12       6       7       3
       7       8       5       6      12      12       6      11       9       5
       6       9      14       8      10      10      13      11      13       9
       8       9       8      10      10      10       8       9       7      10
       6       7      12      15      10       9       7      10       4      11
       6      13       8      10      13       7       6       5       9      13
      10       6      11       4       4      10      10       4       4       5
       9      10       9      12       5       5      11       9      13       5
       9       9       5       9       9       6      11       8      12       6
       4       8       5       6       8       8      12       9       6       7
      15       7      13       3       7      14       9       9      11       8
      11       8       4       6       6      10       9       8      10       8
      11       6       5      11      11       8      13      17      10      11
       7       8       7      11      13       8       6      14       5       7
       8       7      10       5       9       7       9      16       9       7
       8       5       8       7      10       8       5       9       7       6
       9       6       9      12       6      14      13      11       6       9
       7       9      12       8       7       8       8      11      13       8
       5      11       7      16       7       6       5       7       5       8
      11       7      14       2       5       8       8      15       8       4
      10       7      13       4       8      10       5       5       7       3
       8       6      10       9       6      11      11       8      12       8
      10      13      11      12       8       7      15       9      11      10
      10       9      11      14      11      12       5      11       6      13
       8       7      12      13       9       9      10      16       9       8
       6       9       8       9       3       9       5       5       7       7
       3       9       7       8       4       9       5       9       8      14
       8       9      13      11       5       6       7      11      11      10
       7      10       8       3       5       6       8       7       5       5
      10      11      10      13       5       7       8       4       9       8
       9       7      10       7       3       6       7       9       8       9
       9      10      15       9       8       9       7      14      10       7
      11      13       6       8      10       7      11      15       7       4
      13       7       5       8      12       7      12      13      13       5
      10       6       8      10      16      10       3       9      10       5
       5      12       6       9       8       8       7       4       6      11
       5       5      12      12       9       9       8       9       8      16
       5       8      10       8       5       8       7       8      10      12
       3       6       4      10      11       9       8      11       8      11
      10      10       7      14       5       5       5       7       8       6
      12       9       9       7       4       8      10       7      10       8
       6      10       8       9      12      11       7       5       9      12
       6      16      13       7      11       8      10       8      13      10
      14      10       8      13       8      14      11      10       9      10
       8      14       5      13       9       7       7      10      14      13
       4      10      10      11      12       5      14       6      11      10
      12      11       9       3       7       5       9       9      13       9
      10       6       4       7       5       4       9       4      12       7
       7      13       5      13      14       7      12       9      10       4
       7       5      13       3       7       6      11       7       9      12
      13       6      10       7      10       8       3       7       8       4
      11      11       7      12      10      10      10       8      10       9
      13       5      11      12       9       7      10       9       5      15
       7       5       3       9       8       8       7      10       7      11
      11       9      10       8      10       9       9       8      10       2
      10       8      10       9      12       9       6      10       6      13
      15      10       7       6       9       9       8       8      11       8
      12      10      11       5      10       5      11      13      12      11
      12       7       8       6       5       8       7       5      10      10
       8      11      11       8      13       4      11      10       7       9
       6      11       9      10      11       7       8      11       4       7
       6       7       6       5      14       3      12       7       7      12
       9       9       8       7       8       7       9       7       6       6
       8      10       7       7      11      11       8      14      12       8
       7       9      17       9      10       9       7      10       2       8
       8       9       6       5       7       6       5       8       9      10
       3      12      13      11      15      11      13       8       5       6
       8       8       2       7      13       6      10       6       5      10
      11      11       8       6      12      11       6       9      12       9
       8       8       9       8       7       6       7      15      11       4
      11       7      11       3       8       8       9       9      11       9
      14       7       6       7       9      13       6       4       6       6
      12       1       4      10       5       8       5       5      12      10
      12       5       7      12       5       7       6      12      10       5
      14      10       8       5       6      11       6       2      14       7
      13      11       7      14       7      10       6       8       8      14
       6      13      10      11       9       7       9       5       5       8
      12      10       8      15       7       9       6       8       4      10
       8       8       6      10      10       3       4      13      12      13
       9      15      20      13      10      19      11      15      12      12
      26      24      25      27      34      51      38      42      62      78
      84     111     115     147     169     180     223     244     287     377
     365     482     556     634     671     821     968    1152    1299    1481
    1681    1873    2111    2451    2690    3128    3413    3824    4516    4881
    5358    6076    6643    7483    8170    9070    9826   10949   12034   13285
   14257   15615   17028   18098   19805   21259   22838   24592   25926   28321
   29840   31782   33557   35415   37393   39331   41019   42927   44791   46717
   48174   50230   51827   53106   54986   56621   57499   59618   60082   61614
   62688   63365   64156   65082   65397   65742   66256   66452   66544   66756
   66608   67083   65977   65809   66286   65347   64868   64258   63475   62586
   62492   61592   60684   59327   58547   57671   56659   56233   54814   54138
   53143   52168   50844   50041   49020   48208   47439   46141   45766   44248
   43296   42510   41315   40398   39879   39085   37917   37158   36462   35484
   34921   33998   33365   32762   31932   31289   30651   29755   29006   28514
   27933   26925   26622   25824   25545   25008   24194   23634   23092   22679
   22442   21802   21184   20866   20172   19838   19532   19091   18534   18098
   17619   17311   16880   16452   16287   16021   15436   15526   14985   14512
   14225   13926   13517   13307   13153   13034   12445   12250   12041   11711
   11294   11107   10984   10870   10569   10455   10030    9735    9529    9402
    9140    9069    8677    8713    8505    8286    8126    8064    7835    7614
    7477    7300    7219    6894    6869    6646    6634    6524    6293    6122
    6119    5867    5825    5615    5568    5448    5241    5186    4922    4793
    4819    4680    4711    4610    4547    4302    4369    4233    4125    3895
    3999    3847    3782    3686    3681    3554    3436    3360    3226    3227
    3257    3093    3035    3068    2949    2805    2839    2733    2704    2529
    2615    2568    2501    2404    2399    2396    2315    2317    2239    2177
    2108    1996    2034    2057    1957    1962    1961    1901    1739    1772
    1675    1667    1683    1636    1561    1543    1582    1490    1460    1383
    1414    1429    1255    1260    1302    1291    1277    1239    1243    1162
    1173    1185    1119    1120    1141    1069    1057     997     966     910
     968     955     940     888     827     832     842     811     871     789
     814     765     754     738     688     718     680     669     641     645
     634     651     612     576     591     590     563     591     539     557
     544     514     481     533     490     466     443     440     459     430
     418     439     415     414     411     378     381     347     339     372
     391     373     329     337     365     323     296     289     293     312
     303     269     286     283     266     248     230     247     256     268
     259     239     219     242     230     226     226     225     201     216
     182     223     189     199     188     179     193     193     162     158
     161     172     160     156     139     144     151     148     148     150
     140     127     132     136     112     108     130     122     106     128
     124     117     121     111      98      93     103      99     100     107
      94      82     101      92     112     101      85     103      86      85
      83      79      89      89      87      75      84      64      77      75
      58      72      69      82      75      61      61      49      56      53
      53      55      68      75      61      54      45      40      63      46
      55      52      53      63      51      56      52      44      44      42
      57      57      48      46      37      44      37      35      35      39
      35      36      37      39      41      33      32      34      30      29
      19      37      43      34      27      29      33      38      31      26
      35      27      35      25      28      40      36      20      22      20
      38      27      26      20      21      24      22      22      22      17
      27      27      29      19      12      15      18      23      15      27
      14      18      15      28      20      17      17      22      21      23
      12      15      16      15      14      17      18      23      21      15
      19      15      12      14      23      18      15      10       8      18
      27      17      16      13      11      10      16      14      16      12
      15      12      12      14      11      15      12      12       8      13
      13      15      18      20      15      16      11      11      13      22
      12      17      16      10       8      19      12      13      12      16
      13      17       8      14       7       8      18      14      16      12
      13       8      14      13       8       5      12      12       9       9
       8      12      11       7       7       8      10       7      12       2
      13      10       7       7      12      10       6      11      11       4
      17       8       9      13      11      11      17      11       8      13
       4       9      11       8       5      10       7       7       8       6
      11      10       9      14       8      13       9       9       7       9
      13      13      11       7      14       8       8       5      13       8
      16       7      12      11       7      12       8       7       8       5
      11       5      12       4      10      14      13       7       8      13
       9       9       8       9      13       4      12       9       6      12
       5       6      10       7       9       8       8       8      11      10
       7       8      12      11      12       6      12       9       8       6
       5      15       7       5      16       8      13       6       8       9
       8       7      10       6      15      11      12      10       7      10
       9      11       2      13       7       7       4       9       7       7
       5       5       7       6       9       9       8       9       7       6
      11       9       9      10       6       5       5       8       6      11
       4      10      10       4       7       9      11      12       8      12
       8       8       9       7       8      13      16      10      10       4
       7       7       4       7      10      11       9       5       5       5
       3       5       8       6       8       9      12       8      12      14
       9       6      10      11       7       6      13       8       8       8
       8       6       5       6       5       7      11       7       7       2
       7       7       9       7       4       7       9       9       8      10
       8       8       6       7      12       7      10       6       7       6
      10      12       6      13      12       9       6       8      11       9
      11      10       6       5       9      10       5      16      15       8
      10       5      10       7       4      10       5       7      10      10
       8       8      14       5      14       8       2       9       5       6
       8       9       4      12       8       6       9       9       9       8
       9      13       6       8       9       7       4      10      12       4
      14       4       9      14      11      10       9       7       8       6
       8       9       8      11      14       9      10      11       7       4
      12       8      10       7       9      12      10       7       7       8
       7       8      13      11      11      10       7       6       9       7
       9       6      14       8       4      14      13      10       8       7
       8       8       9       5       9       9       8      10       6       4
       6       8       9       7       8       4      13       6       6      13
       6       9      14       7       4       8       6       5       9      12
       4       9       3       9      11       8       5       8       9       9
      10      13       4       6      15      17       9       8       7       6
       8       8       8       3       9       6      14       7       8       5
       7       7       7      11      10       8       7       4       8       9
       7       5      14       9       6       8       4       4       6       5
       8      11      13       6      12       4      11       8      10       4
      10       6       7       5       8      10      10       4       7       8
      12       7       4       7      11      10       8       5       3       4
       8      10       8      13      12      11       7       6       8       3
       8      10      10       8       8       7      10       9       8       7
      13      14       8      11      11       8       7      12      12       3
       7       8      10      10      10       6      12       7       9       4
       6      11       5       6       9       9       9       8      11       7
       4      18       6       8       7       7       9       8      10       9
      10       2      14       7       8      11       7       7       9       7
       6       8       5       5       7      11      12      15       8      15
       4       2      13      12      11      12       4       5      10      10
       5       7       6       6       8       7       7       4       7       6
       5      13       7       8       9      10      11       6      13       7
       7       4       6       5       5       6       3       3      10       9
       7       8       8       9       8       9       8       8       4       2
       8       7      10       7       7       9       9       7       8       7
      10      16       7      11       8      10      13      12      10       4
       7       9      10       7       8      10      12       8      10      10
       7       4      10       8       9       7      10      14      10       5
       5       9       9       5       6       9      10       7      12      11
       9       9       9      14       7       4      10       8       8       9
      12      13      12      10       8       6       7       5       8      12
       9       8       7       4      10      10       9       7       5       5
       8       2       4      11       9       8       6       5       9       8
      14      13       5       7      10      10       8       9       9      11
       3      12       3       5       7      13       5      14       9       5
       9       8       8      10       7       7      12       9       9      10
       8      11       8      12      10      10       6      13       7      12
      10       8      10       7       9       6       8       8      10      11
       9       8       8      10      14       7       9       3       7      16
       7       8       7      11       8       6      13      14      10       9
      11      12       7      10       8       9       6       5       9       5
      12       6       6       6       3      11       7       6      14       6
      10       8       7       7       6       7       4       7      10       9
       7      18      13      12      10       7      10       4       5       4
       6       6      10      19      12      10      15       7      12       4
       9       6       9       7       7       4      12       7      12       7
      14       7      10      12       3       8       8      10       5       3
      11       4      11      11       8       9      15      13      15       9
      14      16       6       7       4       8       9       7      12      11
       8       5       5      11      10       9       9      11       8      11
       9       9       4       9       5       9      10      13      11      13
       5       5      10      10      12       8       5       8       4       8
      12      13       7      11       8       8       4       7       6       8
       8       9      12       8       6      10       2      13       5      16
       3      11      13      11       7      12       7       8       7      11
       7      14       7      11       6       9      15       4      10      11
       7      12       9       9      12       9      10       7      11       9
      11      15       5      15       8      11      15       9      12       7
       7       7       7      11       5       6       9       5       8      11
       5      10       6       9       6       3       9       8      14       9
      11      10      12      13      12       7      11       4       8       8
      10       6      11       3      10       3       4       8      10       6
      14      11       8       8       8       6       7       7       9       6
       6      10       4       8       6       8      12       8       8      13
       9      16       6       8      12      10       9      13       9       9
       5      11       8       6       8       6       9       9       7       7
      13       8      11       4       5       9      10       4      11       9
       7       8       6       6       8      13       7       9       4       9
       3       5      12       7      14      12       7      10      14      11
       6       5       8       7       5      11       9       9       9      13
       5       6       8      10       6       5      10       3       8      12
       8       4      13      13       6      13       6      11      10       7
       3       5       9      12      12       8       8       9       7       8
      12      16       7      11      10      11       7       6       9       5
       3      10       9       9       8      12       6      10       7      11
       8       9      13       8       7       6      11      14      10       7
       6      11       8       8      22       9       5      10      11      11
       6       8       7       9       7      13       6      12       9       6
      10       4      11       8       9      12       7      11       7       9
      10      11      16       7       8      10      10      12       2       7
      10      11      10       6       6       9       7       8       9       5
       6      12       7       8      11       8      12       4       6       6
       5       8       8       5      10       8      11      10      11      13
       5      11      11       7      12      10       8       5       8       5
       6       7      11       4       4      15       3      10      11       7
       8       7       8       5       9       4       8       8       6       6
       9       7      12       8      13       7       8       6      11       9
      11       8       7       9       4       8       6       8      12       8
       7      11       7       7      11      11       9       8       7      15
       9       9       5       9       4       9      10       5      15       8
      10      13      13       9      14      15       8       8      14       6
      10      16       8      12       6       4       9       5       8      12
       5      11       8       5       7       9       8       9      14      11
      14       7      11      14       6      10       9       4       6       9
      12       8      14       6      10       9       8       6       9      10
       8      14       8       6       7       8       6       8      14       9
       2      12       6       8       9      10       6       9       3       8
       9       9       7       7       6      10      14       6       2      12
       7       6      12       5       6       8      11       5      13       9
       9       7       5      10       9      11      10      13       6       4
       6       9       9       7       5      10       5       8       7       5
       5       7      12       3       8      13      11      11       8       4
      10      13       6      13       8      10       9       9      12      11
      12      10       9       9      14       8       9       4       9       8
       6       5      10      13       8       9       5       2      12      12
       9       8      10      15       9       4       5      16       6       2
       9      12       9       6       8       7       3       5       3       6
       7       7       6      11       5       6       8       9       6       9
      11      17      11      11       7       8      10       9       6       5
       9      10      12      11       8       8       7       9      12       8
       9      14       8       7       7      12       8       7      12       4
       7       8       9      12       2      13       3      10       8       6
       9       7       4       8       9      15      11      11      19       8
      10       4       7      11       8       8       9       2       5       7
       4      14       7       9       7      12       7       7      12      13
      11       4       8       7       7      10       8      13       7      10
       6      13       9      10      11       8      12      14       6       9
       8       7       8       9       8       9       8      11       9       5
       9      15       8       7       5      13      11       6       9       9
      11       9       6       9       5       8       5       7       7       8
       5       7       4       9      13       8      13      10      12       6
      12      11      14      10      12      12       7      12       7      12
       8       6       9       3      13       7       9      11       6       8
       6       8      10       6       7      12       9      13       7       7
      10       9      10       6      10       5      12       7       8       8
       9      10      10       6       8       9       7      11       9       6
      10      14      12       5       8      10      10       5      11       5
       9       7       8      17       9      14       9      15      10       8
       6       9       6       8       7      11       5       9       2       7
       9       8      12       7       9       9       6       9      11       9
       6       4       9      12       8       7       9       8      10      11
       8      11      14       7       8      12       6      11       6       7
       5       9       4       5       7       8       9       3      16      11
       7      11      12       8       9      14      10      12      13      12
       6       8       7      10       7       8       5       4       8      11
      10       8       9       9       7       7      11       7       9      10
       5      14      14       5       8       6      10       6       7      10
      10      11       5       7       7      11       7       8       4       8
       5       8       5       7       9       4       7       8       7      11
       8       6      13       5       9       3       3      11       8       8
       5      10       9       7       9      10      14       8       8       4
       5      10       8       9       6       7      14      10       3       7
       3       6       7       5       5      10       5       6       6       5
       9      19       6       8      12       9      11       4       4       6
       7      11       8       7       9       7       5       5       9      12
       8      16       5      12      12       6      10       6       6       4
       9      10       9      10       8       6       6       8       9       6
       5      10       9       7       9       8      12      11       6       5
       9       8       9       8      12      11      10       8       6      11
       9       7       9       6      11       6       9       7       8      16
      13       4      10       9      10       8       9      11      14       8
       7       5       8       9       8       9      14      12      11      11
      10      10      12       5      13      10       9       6      11      12
       7      11      12       6       8       4       7       5       7       7
      13       6      10       7       9      10       6      14       9      11
       7      10      15      11       7      11       4       5       9       6
      12       7       6       9       7      11      12      10       8      12
       8      11      10      10       9       9       7       4       4       7
      11       8      10       8       8      11       4       6       6      15
      10       8      14       5       9       7       6       8       6       8
       7      10      11       3       9       9       6       8       7       5
      11      13      10       9      13       9       8      12       9       9
      15       7       3       9      18       7      10       7       6       9
       8       9       5       7       8       7       9      16       5       9
      14       9       6       7      11       5       6       6       6      12
       4       7       9      11      10       4       9       7       9       7
       8       5      10      13       4      10       8       6      14      11
       7       9       5       6       6       8       9      10       5      13
       9       5      11       7       8       3       6       7       8       8
       5      10       8       9      12      12      10       8       8       9
      11      16       5      12       5      12      10       7       7       6
      11      10       8       7       7      10      11       5      10       5
       8      10       6       5       8       7      10       7       6       8
      11      12       4       5       4       3      12       5      10       7
       7      10       6       5      10       9       8       5       7      10
       7      12       5       8      10       4      11       5       8      15
       5      14       9       6      13       9       5      10       9      12
       7       9       9       9       6       6       7       6      17       8
       8      12       8       9      10      11       6       7      11      10
       9      11       7       6      11       7      12       6       5       6
      11       7       7      10       6      11       8       7       8       7
       8       8      10      11       9      10       9      10       8      10
      11       9      11       9      10       5      10       9      12       9
      12      10       8      13       9       7       7       9       9      13
      14       3       7       8       7       5       9      10       6       5
       4       8       9       7      11      11       7      12       8      13
       9      13       5      17      12       8       5       6       8       9
       9       9       9       8      11      10       8      10       7       4
       6       9       6       8      13       9       5      11       7       7
      11       7       7       6      15      11       8       9      10       8
       7      15       8      13       5       9       7       3       5       6
       8       6       8      10       5       7       6       7      10      10
      10       6       5      10       7       7      14      11      13      12
      14       7      10      10      12       8       4       9       9      11
       9       4       7       5       8       6       8       6       4       8
      11      14       5       6      14       4      11      10      12      14
       6       8       6       9      15       8       8       9      13       8
       8       9       6       7      11       7       6      13       6       2
      10      10       5      13      11       9       7       2       7       8
      12       4       9      10       8       8       7       2       6       8
       7      11       9       8       7       8       7      10       8       9
      11       6      12       7       4       9      14       9       9       8
       7       6       5       5       7       6      12       7      12      10
      12       9       6      12       7       7       6       7      11      12
      10       4      11       6      10      10       7      12      13      11
      10      11      10      11       9       4       8       9       6       8
       5      11       7      11      13       9       8       9      11      11
      10      10       9      13       5      13       5       6       5       9
       8       7      11       6       8       5       8       3       8       7
       7       6      14       6      10       7       5      10       7      10
       7       8       9      12       5       9       9      13      18       9
       7       8      12      11      13       9      11      10      10       8
       8      11       4      11       9       6       4       4       4       8
      12       9       2       7       9       6       6       9       7       6
       7       5      12       7       5       9      12       9      10       9
       6      10       7       8       3       9      10       3       6       9
      10       5       4      17       9      11      13       2       7      11
      11       6       8      10       6      10       4      10       7       9
      11      14      10       6       9       6       5      11       4       5
      10       9      10      15       4      12      12       7      10       8
       7       9       7      10      18       8       3       9       7       5
       7       8      13       6       9       8      15      15       4       9
      11       8       7       6       7       8       7      11      10      11
       9       7       6       7      14      10      12      12       6      10
       8      12      11       8       9       8       4       4       3       8
       9       9      11      10       6      13      10       6       6      10
      11      11       5       8       6      12       5       9      11       7
       6       7       9      11       8       3       8      11       7      13
       8       8       9       5      13       7      14       3       9      12
       6       8       8       9       2       8       9      10       9       7
      11       8       8       4       6       9       8       4       7       7
      13       5       7       8       4       6       5      11       7       9
       8       8      15      12       9      11      12      14       8       9
       9       8      13       8       5       9       7      11       7       8
       5      14       6       8      10       8       3      10       5       6
       7       6      10       8       8       2      11       7       9       3
       9       7       7       6       7       7      10       2       9      16
      11       8       7       8       8      10       6      11       9      15
       5       6       7      12       9       7       8       8       6      10
      12      11       8       8      11      11       9       8       7       5
       6       9       9       3       7       7      10       8       8      10
       7       4       5       8       4       7       9       8       8       4
       5       9       7       5       8       5       7       5      11       8
      10      10      12      13       7      11       7       5       7      13
       8       5       8       7       7       7      11      11       7       6
       7       8       8       8      10       7      11      10      13       8
       4       9      15       4       9      10       5      11       9       9
       7       7       7      10       9      13       6       5      10       8
       8       8       8      10      13       6      10      11       8       8
      12       7       7       5      11       7       6       9       9       7
      13       6       8       9      12      11       5       6      15      10
      10       5       9       7      13       8       9       4       8      16
      10       8       5      12      12      13       8      19       6      12
      11       5       5       7       9       7      12      10       6      11
       8       5       6      13       5       9       5       9       6      11
       9      12      10       5       7       7      15       8       9       4
       7      10       9       8       6      11      10      11       8       4
      13      11       5       7       3       7      11       9       5      12
      10      11       7      10       9      13       9      12       8       9
      10      11      10      10      16       7      10       5       7      13
       7       8       9      11       4       8      10       8       6       9
       3       3       7      12       8      10      10      13      15       9
       5       6       6       8       9       7       9      17       6      10
       7      10       6       5      14       6       6       4      11      11
      13      14      10      10      12       7      10       5      10       6
      14       4       8       5       6      10      12      10      15       9
      11      15       8      12       9      12       7      13       8       5
       9       8      13       8      10      10       8      13       8       4
       5       7       7       7       9       6       5      11      12      11
      11       9       8      11       7      10       9       5      10       5
      11      18       4       9       7       7       7       7       5       8
       7      11      14       9      10      11      18       5       6       9
       9       5      12      10      11       6      11      10       5       6
       5       6       9       9      12       7       8       9       7       9
       9      14       8       9      13       9      14       7      10       6
      11       9      10      10       8       7      11       6       7       4
       7       9       8      12      12       7       6      10       8      10
       5       9       3      17      10      10       6       9       5      13
       8       9       8       9       9       6       8       7      10       5
       6       7       6       4       7       9      11       7       8       8
      12       7      17      11      12      11       7       7       2      12
      11      13       8       5       5      11      11       8      10       9
       5      10      10      10       6       9      11      12       7       8
       6       6       0      10       7      12      10       8      11      15
       8      12       7      14       7       7      10      17      12      11
       8       4      14       7      10      10       6      11      11      14
       7       8       7      12       8       9      11       8      11      10
       8       9      11       7       4       6       6      12       5       5
       5       9      10       9      10      12       6       5       8      12
       6      10       9      10       7      10      10       4       5       5
       8      12      12      13      14       6       5       5      13       7
       5      10       8      11      13      11       7       7      11       7
       7       7      13       6      13       9       5       9       6       6
       8       8      12      14       6      12       6       5      10       5
      10       5       7      11       8      10       8       9       8      10
       5       7       9      10      14      10       8      10       7       4
       9      16       8      20       9       6      16      10       9       4
       8       9      12      11       8       7      10       2       8       9
       8       4       5       4       9       9       9       8      11      16
       6      12       7       8       8       9      11       8      14      10
      12      10       7      12      11      14       6       6      13      10
       4       6       8       4       5       5      12       6       8       4
      10       5      11      11       8      11       9       8      11       8
      12      12       5      19      10      10      12      10       8       4
      13      12       9      11       3       7       8      16      10       8
       7       5      11      17       6       4       3       3       7      10
       6      10       9       6      10      10      10       8       8      12
      10       9      12       5       5       8       7       5       8       7
      13       4      10       5      11       7       9       8      14      11
       5      11       6       6      10       5       8      10       7       5
       9       7      14      10      10      12      10       5       5       7
       9       9      12       9       9       6       5      11       6      10
       9      12      12       9       7       9       9       8       9      10
      11       5      12       5      11       6       7      16       7      10
       9       6       9       8       7       7       8      12       9       7
       2      12       8       8      14       8      16       9       6       7
       9      10       6       8       6       3       9       6      10       8
       3       9      10       7      10       7       2       7       3       9
       9      10      13       6      12       6       2       5       7      10
       4       6       4       9       7      12      10       4       9       4
       7      10      12       7       6      12       7       8      15       2
       8       9      10       9       6       7       8       7       5       8
       9      10      12      11       8       9       7       5       9       9
       9       9       2       9       7       6      12       8       7      10
      10       6      12       7      10       6      12      18       7      11
      13       8      14      11      12      14       7       4       7      13
      10      10       7       6       9       8       5       8      12       8
       6       7       9      14      11      10       9       6       6       4
      11      14       9       6      13      10      12      10       9       5
       7       1       6       7       8       6       5       9       9       5
      12       7      10       9      11       8       6       5       3       8
       6      18       5       6       9      12      14      13       2       4
      11      15       3       9       5      10       7      10      10      10
       7      10       8       5       6      14       4       9       4       5
       9      10       4      13       9       4       7       9      10      10
      13       4       7      11      15       7       5      13       9      10
       6      11      10      10      10       5       2       8       8      12
       9      15       8      10      10      11       9       7      10       6
      11      10      10      10       6       7      10       5      10      14
       6       4      10      11       5       8       7       4       5       9
       5      13      13       3      10       5      15       9      10       8
       5       5      13      10       9       6       8       8      12       6
       5      11       6      10       8       7       6       4       5       6
      13       9       8       8      10       4      12       9      11       4
       9       8       8      10      10      12      11      10      13       5
       6       4      13       7       9       8       7       4      11      15
      11       4       7       9      12       7       8      11      10       8
       6      11       8      11       5       7      15      10       9      10
      16      12       9       5       9      11       5       6      10       8
       6       8       9       9       9       6      10       6       7       6
      12       6       7      10       6       9       8       4      12       7
       7       7       8      10       9      12       9      10       5       6
       8      12       6       8      11      14       5       8       7       4
      13      11       5       3       6       6       8      16       3       7
      10       8       5      13       5       7      14       7       8      12
       8      16      11       9       5       8       6       6       7       7
       5      10      14       6       6       3       7       5       7       6
       8       9       6      13      14       6       7      13       7      17
      14       5       9       5       9       8       7       9       9       8
      10       6       9      11       4       8      11      11       9      11
       8       9       6       8       6       7       7       9      10      10
      11       8       7      12       5      11       7       5       5       8
       9       7      10       3       3       7       7      14       6       9
       9      13       7       7      12      10       8      10      13       6
       4      12      10       5       4       4       4      10       7       4
      10       5       7      11      10       3       6       7      13      13
      10      11      10       4       8       8      18       8       7      13
       8      11       9       8       8      14      11      14       7       8
       8       8       8       4      10      12       8      12       6       6
      14       3       9       7      11       7      10       9       8      10
      12       4       8       5       8       6       4      11       9      11
       5      10       7       6      12       7       8       8       4       7
       9       7       4       7       5      14       4       4       9       4
       7       6       8       4       4      11      12      12       6       2
      11       6       5       8      11       8       6      12       8       7
       7       8       9       3      18      10      12       7       5       5
      10       8       6      12      12       2       7       7       7       5
      12       9       3      13       7      12       7       7      14      12
      10       8      11       7      12       6       9       9      12       6
      11      10       4      10       9       4       7       9       6       8
       8       4       4       2       8       6      11       5      11      12
       7      13       9       6      11       6       9       6       7       7
      11      15       9      11      11      11       9      11       8       4
       9       8       5      10       7      10       6      12       6      14
       7       9       7      11      12       3       9       5      10      11
      10       6      13       8       3       9       7       9       5       5
      15       6       6      11       7      13       8      12       9       9
      10       7       2       6      12       7       8       3      12      11
       4       7      12       7       8       8       6       9       8       9
      10       9      10      10      10      12       7       8       7      11
       9       8      12      14       5       4       8       7      10       6
       8       6       2       8      11       4       3      13      11       3
       7       6       8      12       9      10       8       8      11       6
       6       7       8      13      12      12      13       4      10       9
       9       4       9       7      15       5       5      11      10      11
       5      10       7       6       6      13       9      11       8      15
       8       4       8       7       6       8       8       4       4      13
       7       4       6      12       9       8       8       9      13       7
       9       4      10      13       8       9      10      10      10       9
      12       9       7       8      13      10       5      16       5       8
       6       8       7       4       7       8       4      11       8      12
       9       7       8       9       7       9       6       6      13       5
       6       9       4       7       8       5      13       6       9      10
       8       6       9       9       6       7       8       5      15      12
       6      12       3       9       8       9      12       5       7       6
      11      14      10       9       7       8       5       5       7      12
       8      10      13       4       5       7      11       8       7      11
       5      13       8       6      10       3      13       6       4      14
      12      11       6      11       9      11       6       8       8       9
       8       9      12      10       7       8       5      11      10      12
       8      12      10       8       5       6       6      13       6       6
       6       5       5      12       4       4       8      10      10       9
      11       4      11      12      13      10       5      12       6       3
       8       7       8      14      13       6       9       7      12      10
      15      11       6       2      11       8       8       6       8       7
      11       8       9      12      10      10       8      11      10       7
      10      10       7       3       8      15       9      11       8       8
      11       4      12       6       5      11      17       6       7      10
       7      11       5       4       6       7       8       9      10       9
       4      10      11      13       7      16       7       7       4       3
       9       6       8      13       5      10      10       9       7       7
      11      11       9       8      13      11      12       7       8      11
       7       6       7      13      17       8      13       8      18       5
       9       7       6       4      12      12       9       4      14       9
       6       7       9       9       6       7      10      12       9      12
      10       9       5       6       7      10       9      11      14       5
       7       9       6      10       8       9      15       4      10      12
       9       7       4       7       5       9       5       6      10       8
       7       6      11       8       8      10       8       8       8       8
       8       6      10      14      11       7       7       7       5       8
       8      12       8       8      11       6       7       6      10       9
      10       9      12      11      10       8       6       4      18      12
       4       5       8       8       8      10      11       7       9      10
       7      11      10       7       4      11       6      19      10      18
      11      15      14      12       7      10       6      10       6       8
       5       6      11       3       9       7      10       9       6       3
       8       5       8      11       8       9      10       8      16       9
      11       9       7      10       8       6       9       8       9       7
       9      17       8       6       8      10       6       7       7       8
       8       8      13       3       6       5       5       7       5       9
      10       8      13       5       7       5      10       9      12       8
       6       6      10       9       7      12      12       5       6      12
       8       5       4      14       7       4      11       9      13       9
       6       5      13       8      16       9       6       9      15       9
       7       5      12       5      18       9      12       6       7      16
       6      12       7      14       9       8       8      13      10      10
      11       9       7      10      15       5      11       8       8      11
       5       4      12      10       9       9      10       9       3       6
      12       9       8       7       8      10      12       3       4       8
       9       8       4       6       6      11       8       7       7       7
      10       6      12       6      14       8       6       6       6       8
       9       3       9       3       9      10       7       8       6       4
       7      11       7       7       5      11       2       8       6      12
       6       9      11       5       6       5       5       6       7       9
      13       9       7       3       6       6      11       9       9       7
       8       4       9      12      15       5       8       9       4       4
      10       9       9      18       5       9       9      11       4       4
       8       8      10       8      16      15       5      11       9       4
       9      11       6       9       7       5       6      11       8      10
       9       6      11      12       8       5      13       7      10       7
      10       8       5       7      10       5      11       3       8      10
       6       7       8       8       4       8      14       1      10       7
       9       6       7      14       5       9      10       6       8      11
       5       8       9       7       9       4       7      12      10       5
       5       9       4      13       8       3       2       9       6       7
       7      13       8       9       7       8      13       7      12      16
       7       5       7      10       8       8      12       6      10      15
       4       7       7       9      11      12       7       7       6      11
      12       9      13       6      10       8      14      11      14       9
      12       7       6       7      10      11      10       7      10       9
       7      11      10       4       9       4       8      10      13      13
       8       8      14      10       8      10       5      14       9      13
       8      16       8       9      10       6      12       9       4      10
      16      11      11       6      18       9       5      12       8       9
      11      10      10      10       8       7      17       9       8       6
      10       6      11       7       7       6       6      12       6       8
       5      16      12       5      10       4       7      13      12       8
       6      12       4       6      11      10      12       9      11      12
      10       4      10      11       8       6      10      10       3       5
      10      12       7       5      11      10       5       6       6       9
       5       5      17       6       5       7       4       1      12       4
      10       9       4       7      11       2       8      10       8       6
      10       8      11      14       3       8       5       5       6       3
       7       7       4       9      15      10       9       7       9      13
       7       2      11       6       8       9      11       8       9       9
       9      13       9       7      11       9       2       6       9      11
      10       5       7       8       7       8      13       7      10      11
       4      13       9      10       7       8      12      11      10      10
      11       6      10       9       6       4      10       9      11      13
       6      10      12      16       9       7       3       9       8       5
      19       3       5       5      10      15       7      10       8       2
      11       9       8       5       8      15       6      12       6      10
      13       8       9       7      10       6      10       8      10       6
      10       7       7      12      14      10       7       8       7       7
      13      13       5      12      10      11       7      13       5       8
      10       5       5       8       8       9       6       9       6       7
      12       9       9       7      13      10       9      12       5       8
       6       4       4       7       6       8      11       4       8      12
      14      13       8      15       8      11       9      11       7      13
       8       6      10       5       7      11      19      15      10       4
       9       9      11      11       8      11       7       8       4      13
       2       7      10       7      17       6       5       8      21      13
      12       8      12       9       8       6       4       9       9       7
       9       8       7      14       7       6       5       9       9       6
       5       7      10      13       6       5       9      10      11       9
       9       7      10       9       6       7       3       7      10       7
      11       7      13       1       7      11       8       8      11       2
       6       7       3      10      11       9       8       4      11       7
       6       5       5      13       6      14       8      13       4      10
      11      10       6       6       6      10       7       7       8      13
       4       7      12       8       5       5      15       4       4       9
      10       7       8       8       9       6      12       5       9       7
       9      11       9       6       4       3       4       6       7      11
       7       2      11       7       8       6       6       5      14      11
       9      12       5       7       9       8       2       8       9      10
       8       9       8       9       7      16       8       2       6       5
       3      10      10      13      12       4       6       5       3       6
      11       9       9       9       6      16      15       8      11       4
      12       9      14       4      13       9       7      11       3       4
      11       6       6       6       6       6       9       9      10       8
      10      14      14       6       9       7      12      10       5       9
       9      12       5      10      12      12       7       9      10       8
       2       3       7       9       7      11      12       7       6       9
       5      10      10       9       8       7       7       4      10       5
      11       7      11      11      14       3       9       5      12      16
       8       7       6      11       9      11      10       6       7       6
       5       8      12       7       9       5      10       8       9      16
      10       6       5      16       8       8      13       5       7       5
       9       7       4       7       6      13       7       8       6       8
      11       4      11       8       6       7       4      11       5       4
       9       6       9       6       4       8       9      10       4       9
       7       7      11       5       9       6       8      12       9       6
       7      10       7      10      12       9       6      12       7      10
      10       6       7       9       7       8       6       8      10      10
       8       8      10      11      11      10       7       8       4       8
      13       4       4       7       7       7       9      14       7       7
       8      12      11       8      14       6      11       3       9       8
      10       6       5       6      10       6       7       6      12      12
       4       9      11       8       8      13      11       9       9      18
      11      10      13       8       7       7      10       4      12       8
       9       3       6       8      12       8       6       7       8       8
      11       6       9      10      12       5       7      11       5      10
       6       7      10       7       9       8       9      12      11       9
      14       5      11       8       6       7       9      12       5       3
       5       7      10      11      17       7       8       7       7      14
       7      12       8       6       6      10       8       8       8       7
      15       4      10       6       8       8       6      10       6       5
       9       8       4       8       9      10       5       6       9       7
       5       9      10       8      12       5       8       9       9      10
       9       5       6       9      11      10       9       9      10      12
       9      10       9       3       9       6       6       8      10       7
       8       9       7      16      12       9       9      11       9      13
      14       7      10       8       6       4       5      11      10       7
       8       4       4       4      10       5      15       9       6      10
       9      10       9       8       6       5       9       9      12      13
       5       7       4       7       6       5      10       5       9      12
       6       9       7       4       8      14       6      13      17       7
       6       5       6       9       9      13      12       8       5      14
       7       9       9       4       8       2      16       8      14       7
       4       6       7      10       7      11       9       1       8       5
      11      10      10      10       8      12      13      11       6       6
       7       9      12      12      11       8      13      18      18      14
       9       9      11      12       8       5       8       2       5       7
       7       8      13       8       7       8       8      13      17       6
      10       7      15      11       6       2      13       7      16      11
      10       4       3      11       8       7       6       7       9      12
      10       6       9      12      12      11       9       9       9      11
       8      12      10       8      10       8       8       8      13      14
       6      10       9      13      10       8       8      10       8       2
       9      11       8       9      12      10      10       3      10       5
       9      17       7       7       9       6      13       5       7       7
       8       4      10       9       9      17       7       7       5      14
       6       9       7      11      11      10       8       5      11       8
       4       7       8       9      10      11      10       8       7      11
      13       8      10       5       8       9       8       8       2      10
      15       5      11       9       7      15       7      14       4      16
       5       8       8      14       6       9      10       7       7      10
       6       9       7       5       9      13      16       9       7       8
       8       9       5       8      11       9      14       9       9       9
       8       7      12      10      11      10       3      14       9      12
      12       5       7       8      10      12       8       9       4      13
       8      10       8       8       9       8      10      13       4       6
       5       3      15      13      10       3       5       2      14      12
       7      14       7       8       7      13       7      12       8       4
      11       8       8       3       8      11      11       8       6       4
       3       7       9      11       7       8       5       8       7       7
       4       7      11      12       8      11      12      12      12       6
       9       6      10       6       7      11       8       7       4       9
       9       4       7       5       8       9       4       9       4       9
      11       9       8      11       8      11       5       7       7       6
       9      12       4       7       9      11       8      10       7       5
       9       7       9       8       7      12       3       8       6       8
       9       8       6       6       8      10       7      13       9       5
      13       9       8       9      14       7      10       9      13      11
      11       9      11       5       9       8       6      11       7       4
       6       8      12      12      10       6       5       9      12       9
       5       9      14      12      12       6      12      11       7      11
       5       7       9      12       4       8       6      12       7       6
       8      10      14       6       6       7       8      11       4       5
       8       4       8       6       5      15       8       9       7       3
       7      11       3       5       7       6       7       7       4      10
      10      11       7      11      10       7       8       5       9      11
      10      10      12      11       3      15      10       9       9       6
       4       8       8      11       6       9      10      10       9       4
      10       8      11       5       4       8       8       6      11      10
      13      10      11      12       9       5      14       6       9       9
       9      12      10       4      12      13       8      12       8       8
       7      11      10      14       6      11       8       8       8       9
      14       8      14      13       6      15      12       4       9      10
       7       8       9      10       5       2       7       6       6      10
       6      12       8       7      15       9       7      11       2       6
      13       8       6       8       8       9       8      17       8       8
       6       5       4       7      10       7       3      14      10       9
       6      12      11       9       9       9      11       9       7      14
       6      12      10      16       7       9       7       6       5       8
       9      10      15       9       8      10       5      10       5       7
       4       9      11      11      10       9      12       4       6       8
       9       9      10       9       7      14      10       8       9       8
      10       8       7      14       9       4       8      10       4       8
       9       6      10       6      11       8       8       5       7      10
      10       7       6      10       9      15       2       8      11       9
       8       6       7      10       9       6       4      10       7       7
      14      12       9       5      11       8      11      16       6       6
       7      12       6       7      11       4      10       5       7      12
      10      11       8      14      10       9       9       9       6       2
       6       7       5      11       5       8       8       7       8       9
       6       5       6       6       6      14       7       9       7      11
      10       7       6      14       9      10       5       9      14      12
       8       7      10       8      12       5       8       8       5      10
       9      11       8       9       6       8       7       5       8       7
       9       5      10       8       9       7       6       7       5       7
       5      12      14       7      10       8       8       7       5       8
       5      10       6      12      11      11      12       7      10      10
       4       9       4      10       5      11       3      14       8       6
       9      12       8       7      13      11       8       5       6      11
       8      13       3      14      12      12       6       9       5       8
       8       7       4       8      13       5       5       9       9      11
       9       3       6       7      11      11       6       7       8       8
      11      12      10       8       8       7      10       8      11      12
       9      15       9       9       9       4       6      10       7       7
      10       9      11       6       6       6       9      11       9       9
       7       6      11      14       4      11       5       6       9       6
       6      11      10      12       8       8      11       8      12      12
       7       9       8       9      16       7       9       6       4       7
       9       9      11      10       3       2       5       5      14      14
       6      12      10       9      17       6       8      11       4      10
      10       5      10      10       9       8       8       8       8       7
       9       8       6      10      13       9       3       9       8       9
       8       8       5      11       8      14       9      12       7      10
       7       5       9       6       5       4       9      14       7       8
       7      15       6       6       8      11       9      11       6       6
       8       8      10       7       3       9      11       7      10      10
      11       9       6      13       6       2      10       6       5       9
       7       5       5       9       8      12      10       7      12       4
      11      16       8       9       2      16       9      10       7      12
       5      15       7       8       8      14      10       7       9       7
       7       2       5      11      10       9       8      12       7       7
       8       6      10      10       5      12       8      10       7       7
       5       7      13       8       9      10      14       8      10      14
      13       4      12       8      13       9       7       6       7       6
      10       7       7       7       5       7       4      13      10       5
      13       8       7       3       7       8      14       8      12      13
      12       7       4       4       6      11       8       4      10      10
      10       6       6       8       9       8      11       8       9       7
       4      12       9       5       8       6       5       8       6       5
       4       7       7       6      11       8       4       8       3       7
      10       5      10       7       4       8      10       8       5      11
      11       7       6       5      10       3       8       6       7       5
       7       7       8       6       4       8       9       7      12       7
      15       6       8      11       9      11       6       4      11       7
       8      12       8       4       4       8       7      11       8      11
       8      11       6      12       8      10       6       7       7       6
       8       9      14      19      10      12       9      11      12       7
       6       4       9       6       8       9      10       7       3      10
      11       9       3       9       6       7       7      17       7      14
      10       8       6      10       9       9       9       8       4       9
       9       9       6       6       8      11       5      11      12      10
       6      11       7       8      10       6      11       7       7       6
       9       2       4      11       4       5       8       5      12      14
      10       9      10       9       5      13      10       5       9       8
       5      14       5       9       8       2       6      10      14       6
      12      10       6       5      10       7      16       7       2       8
       7       8      12       7      10       8       7       9       1       9
       5      12       8      11       8      10       8       9      15       4
       6       9       8       9      12       8      13       9       8       6
      11       9       7       5       8       7      10      14       9      12
      14       8      12      13       8       5       6       9      11       8
       9       6       5      12      10       4       7       9       6      11
      10       6       9       8       9      10       9       8      11       5
       8       6      12       8       5       3      10       5       9      10
      12      11       6       7       8       9      10      13      16      10
       7       8       6       5      13       9       8      12      15      11
      15       6      14       7       7       6       6       8      13       7
       6      12       7       9      11       7      12       9      12      10
       4      16       5       4       8      10       5       9      13      10
       9       5      15      13       8       3       7      12      10      11
       8       8      13       7       9       9       7      14       8       7
      10       6       6       8      11       8       9       5       8       3
      10       6       8       7      11       5      14       5       8      12
       7      11      10      12      10       7      10       5       8       8
      16      12       4       9      11       5       3       5       4       8
       8       5      10      12       8      15       7       9       7       6
      11       6       7       9      10       4       9      10       7      11
      12      13      10       7       5       9       8       8      15       8
       9       2      12       7       8      11       9       5      10       4
       5      15       6      13       5       6       8       5       9      12
      10       8      11       5       9       8      14       6      11       5
       7       9      14      11       4       8       2      14      11       9
       6       7       9       9       5       9      11       5      14       9
       2      13       7      10      11       8       9       9       7      15
       6       8       9      12      11       9       4      11       5       7
       7       8       5       6       9       9       8       4      13       4
       7       7       6       8       8       6       7      14       8      10
      11      10       9      10       5       7      11       5      11      11
      11      10       4       9      10      10       7       5       6      12
       6      11      10       6      10      13       7       7       9      10
       6       4      10       5      12      11      12       4       5      14
       1       4       6      10      10       4      16      11       4       7
       4       7       9      13      15      11       9       6      11       9
       9       8      10       4      10      10       6       7      10      10
      15      11      10       6       5       4       9       8      10       8
       9      10       9      22       9      12       7       8       7       4
       7       8       8      10      10      12      13       4       9      12
      11      10       9      14       7       6       7       9       5       9
       8       7       5       5       9       9       5      16       7      14
      10       5      13      11       8      13      12       7      15      11
       7      11       6       8      17       8       8       3      11      11
       4      10       9       4       8       9       5       8       9       7
       9       4       4       7       5       6      10       8      12       2
      14       7      10      12       6      12       6       4       6       9
       8       5       9       8       8      11       4      10      13       6
      12      10       9       5       7      16      10       7      13       9
       5       4      12      14      12      10      12      10       1      10
      10       9       5       6       6      13       9       5       7       7
       3       7       6       8       3      13       8       6       8       7
      11       6      10       4      10      12       8       6       9       6
      11       9       6       9       8       9       7       9       5      12
      10       3       5      12       5       5      11      11       8       6
      12       7       9       9      10      15      11      11       8       6
       8       9      11       7       6      14       7      10       8      14
      14      11       9       6       9       9       8       4       9       4
       8       9      10      10       6      10       5      15      13       5
      14      11       4       5       8       6       5      11      13       6
       9       7       5       6      10      16      10       6       9       8
       9       9       7       6       5       8       9       7      13      10
       7      11      10       7      12       8       4       7       9       3
       8       7       8       6      15      13       4      10       3       8
       7       2      10      11       9       5       3      12       7      11
       8      10       3       7      10       9       6       9      10       8
       5      12       6      10       8       9      10      12       9      11
       9       8      10      11      12      10       8       9       7      11
      16       9      15       9       9       7      11       5       7      10
       7      13      10      10       8      10      10       7       7       9
       9       6       5      11       7      13      13       8       6      13
       9      18      15       6       7       3      10      12       9       7
       8       8       7       9       7       4       7       6       9       5
      11       7       8       7       6      11       7       7       7       3
      12      11       6       7      10      11      10       9      10      14
      14       5      11       5       7      11       8      11       6       5
      11      10       8       4       5       9      11      12      10       5
       8       9       6       8      11       4       5       8      15       8
      14       7       8      11       7       5      17       9       8       9
       5       5      10      15       7      10       6       6      10       3
       7       8       7       7       4       5       8       7      10      11
       5      10      11      10       6       7       6      10       9       8
       7      14      13       6      10       4       8      11       7      11
       8      13       6      10       4       8       3       9       8       7
      11      11      18       6      13       7      12       8       7      12
       6       6       8       6       4       8      13       6       8       6
      13       7      12       8       7       6       7       7       9       8

