00001 Untitled 18:10:56.75 12-JAN-23
       8       8      11      11      10       5       5       8       5       9
       8       8       8       9       8       8      10       9       6      16
       8       9       5       5      10       6       9       5       6       7
      11      12       6       7      10       7       6      10      12       5
       7       9       8       9       4       7      10       8      13      10
       8       8      12       9      15       7      12      11       8       8
       9       9       9       7       8       5      12      15      12      13
      11       6       7      10       4       5       7       6      10       6
      11       7      13       7       8       6      12       9       8      10
       5       7       6      11      11       6       8       9       6       7
       9      12       8      10      11      11      10       6       8       7
       6       4       7       6       9       9       9      14       4       9
      15       7       5      10       9       5       7       4       9       4
      12       9       7       9       7       8       5      11       6      11
      12       8       4      12       8       5       6      15      13       6
       8       6       8       8      13      12       8       3       9       6
       7       4      10      10      10       5      12       9       3       6
      12       9       9       7      11       9       9       7      11       9
       8       4       8       9       9       7      10       8      13       8
      11      12       6      10       8       3       5      18      13       6
       9       5       4       9       7       5      11       8       5       7
      10       9      13       8       5      11       5       8       8       8
      12       8       9       9      12      11      11      12      16       8
       7       7      10       4      12      14      10       4       9       7
      11      11      17       9      10      15       6      11       9      12
       7       8       9       9       9       8      13      10      11       6
       5       4       9       7      10      11      11       6      11      10
       6      13       8       6       4       9       8       3       5       8
      17       9       9      13      16      16       7      10      11      10
       8      11       7      10      14       5      11       6       7       9
      11       9      11      15       9       5       6       8      16       4
       7       6       7      12       6       7      10       7       7       4
      12       6       3       6       7       4      13       8       5       5
       7       9       6       5       7       9      11       6      11      10
      12       6      12      11      13       8       7       8      11      10
       7       3       6       7      10       1       7       9       5       9
      10       7       5      13      11      10       5       6      15       3
       9       6       9      10      13       7       7      11       4       8
       8       5      10      14       5       7      10      11       6       4
       3       5       7      12       9      12       5       7       8      12
       8      14      11      11      10       5       9       9       8       7
      16      13       9       4       7      11      10      11       6      13
       6       5       6       7       7      13      10       6       8       8
       6       8      15       6       8      11      11       7      14       9
       9       6       8       9       5      11       6       5      12       5
       9       6       9       6       7       8       8      11       6       6
      10      13       6       4       6       8       9      10       8       8
      12       9      14      11       7       2       8      10      10       6
       7       3       6       2       8       6      12      10      16       6
       9       9       5       6      13       5      13       8      15       9
       8       7       7      13       6      11       7      10       5       7
       9       5       8       5       7      11      13       8      11       9
       8       9      18       4      11      10      10      17      10      12
      12      13       9       8       8       7      11       8       6       7
       9       6       4       8       7       5      13       9      13       7
       4       6       7      10       6       6       6       9       8      10
      12      11      10      11      11       6       7       7       8      10
       7       6       8       6       8      13       7       5       5      13
       4      10       5       6      11      17      16       3      14       7
      11      10       8       9       6      10       8      10       7       6
       6       7       9      10       7      10       8      11      12       5
       3       7       6      11       5       7      14       5      13      10
       5       6      11       9       7       6      12      15       9      13
       7       7       8      16      11       7      15      15       5      10
       9      10       7       9       8      10       6       6       9      12
       6      10       6       7      14      13      12      14       2       8
      15       9      11      12       7       8       7       6       5      13
       7       9       8       6       9       9       8       7       6       8
       4       8      10      11       7      11      11       8       9      11
       8      10       7       7       6       6       5       7      12       6
       9       5       5       7       6       7       9       7       8      10
       9       6      14       9       4       9      15      10      10       5
      15       6       7       6      11      10       8      11       8       5
       5      12       7      12      16       4       7      10       8       9
      12      12      11      14      10       5       8       9      12       7
       4       7       6       4      16      11       8       5       9       6
       5      10       6       8       6      11       8      12       5       8
       7       9      12       6      10      12       8       9      11       8
       4       7      12       4       9      11       8       6       8       5
       8      13       6      11       8       8       7       4      13       4
      11       5       8      11       6      10      11       8       7      14
       4       8       8       8       6      13       8       3       7       8
       8       9       5       6       6      10       5      12      11      11
       9       3      12      11       5      11      12       5      10      12
       9       7      12       4      10       5       6       9       7      11
       6       7       6       7       4       7       9       8      13      10
      15      10       7      11       6       8      10      11      11       8
       6       5       5       6      11       9       7       9       6       7
       6       5       7       9      12       9       5       3       1      12
       8       6       4       6      10       4       8       7       4       8
       6       7      12      11       8       3       5       9      14       6
       9       9       8       9       4      10      12       9       6       3
       6      10       3       5      11       9      11       3       7      12
       7       8       8       9      12      12       7       7       8       8
       5      10       6       5       9       7       1       7       7      14
      14       9       7      10      11      10       7       5      17       7
      11      14       6       9       9       3      11       6       9       9
       9      16      11       7       9       4      10      10       7       6
      12       7       8       6      10      12      11       8       9       6
       9       1       9       5       9       4       6       6      10      11
      11       2       5      12       7      12       7      14       7      12
       9       9       3       6      12      10      10      14       9       7
       8      11      11       5       6       4       6       8       4       8
       8       6       9       6      10      13       8       8       8       6
       8       9       8       9       8       8       4      10      13       7
       9       9       6       8       7      10      10       9       6       6
      12       7       9      13       8       4       8      10       6       8
      11       6      11      11       9       8       9       9      11       9
       7      12      11      12       7       6       7       5       6       8
      11       7      11       4      10      10       8       9      11       4
       7       8       6       4       9      14      11       6       6      10
       6      11       5      11      11       6       7       6       7      11
      10      12       5       9       7       8       7       8       6       8
       9       8      10       3       7       4       9       7      13       7
      14      10      18       5      11       6      10      12       7       7
       5       8       6       7      11      12       9       9       5      10
       8       5       8      11      10      10       7       8      13       5
       6      10      12      14       8       9      14       9       6       8
       7      10       7       7      12       7      13       7       7      12
       9       7      11       8      10       3      11      15       5       8
      10      11      20       9      13       9       7       6       8      11
      13       7       9       4      11       8      10      14      11       4
       9       2       5      16       8       4       5      10       8       7
       9       8       7       9      11       5      13       9      14       9
       9       5      11       8       8       5      10      10       7      10
       9       9       9       6      10       8       5      11       8       3
      11      12      13       8       5       7       4       6      13       8
       5       6       5       6      12       6      10       7       8      11
       8      13       7       3       8       8      12       5       8       9
       6       6       6       8      10      10       7       8       9       6
       6       4      12       8      12       6      10       5       7      15
       4      10      13       7       7       7      11       7       7       7
      13      10      16      10      10      18      10      10      28      28
      19      26      32      35      40      50      53      60      71      72
      83     113     153     155     205     191     253     286     355     396
     415     541     615     663     787     907    1100    1230    1471    1637
    1767    2054    2301    2628    3044    3417    3812    4310    4876    5313
    5990    6705    7288    8252    9198   10022   10938   12019   13276   14227
   15750   17127   18594   19791   21594   23262   25128   26681   28394   30519
   32264   34251   36260   38443   40268   42024   44095   46288   48267   50300
   52622   53913   55637   57430   58825   60579   62034   63854   64144   66136
   66748   67128   68494   69083   69171   69723   69735   69913   70334   69875
   69849   69938   69401   68944   68436   67557   66835   66047   65086   65019
   63507   63063   62159   60445   59572   59325   57667   56476   55515   54618
   53161   51812   50643   49935   48608   47734   46707   45299   44402   43471
   42351   41487   40853   39431   38467   38017   36608   35515   34877   33960
   32747   32331   31499   30772   30101   29559   28549   27768   27328   26776
   25888   25490   24607   24146   23624   22948   22688   21753   21372   20617
   20240   19892   19390   18953   18284   18126   17476   17134   16776   16110
   15896   15793   15403   14870   14319   14126   13962   13535   13240   12928
   12833   12359   11964   11883   11642   11334   11128   10759   10551   10433
   10121    9800    9720    9243    9226    8854    8662    8671    8507    8104
    7912    7846    7586    7524    7260    7275    7134    6895    6820    6579
    6404    6340    6202    6073    5964    5819    5661    5545    5452    5291
    5129    5015    4896    4785    4851    4634    4499    4432    4434    4287
    4106    4051    4009    4057    3855    3690    3682    3507    3516    3478
    3396    3293    3320    3197    3157    3012    2968    2886    2892    2855
    2721    2713    2684    2559    2649    2485    2368    2369    2293    2212
    2329    2296    2175    2142    2051    2040    2029    1958    1913    1892
    1819    1771    1856    1746    1620    1656    1650    1630    1563    1617
    1557    1503    1487    1433    1401    1397    1346    1288    1283    1273
    1235    1150    1118    1171    1167    1102    1106    1100    1085    1020
    1005     959    1007     931     861     927     888     921     811     889
     799     834     768     799     780     779     776     757     723     695
     695     683     679     645     611     641     613     640     625     588
     575     564     597     550     551     540     497     535     500     506
     495     480     485     446     481     467     433     394     392     372
     395     414     374     385     371     342     338     356     321     330
     317     340     317     326     300     272     280     289     278     320
     261     234     267     267     246     261     258     240     237     199
     234     223     202     230     195     195     197     185     170     182
     204     170     190     176     179     174     164     182     179     183
     157     163     147     161     160     136     129     132     129     141
     140     131     129     125     114     107     152     113      87     116
     103     107      88      95     125     100     107      88      85      84
      85      90      81      94      87      95      78      82      79      87
      75      75      76      70      61      83      63      64      52      71
      65      72      65      68      73      78      55      52      53      53
      48      51      62      48      54      51      47      61      43      47
      40      45      51      40      47      45      51      48      40      49
      36      37      47      38      34      44      44      38      43      27
      34      40      42      40      26      35      32      24      30      36
      27      41      30      34      26      43      28      27      34      30
      24      43      32      23      26      20      20      34      33      23
      25      21      26      18      22      26      28      26      13      27
      25      23      16      19      22      26      16      18      17      21
      26      28      16      29      13      19      22      21      16      14
       7      22      12      20      13      13      17      14      17      16
      15       8      15      15      15      16      12      16       9      18
      14      15      12      16      14      16      14       8      19      14
       9       8      11      17      14      15      13      15      15      16
      12      15      11      12      12      11       5       7      10       9
      14      18      12      12      11      19      12       9      15       8
      10      10       8      16      24      11       6      12       9      19
      18       7      10       9       6       8      11       7      10       8
      15      11      12      14       6      10      10      16      11      14
      11      16       8       9      12       7      10      17      12      14
       9       8      10       9       7       9       6       7       9       5
       8       7      11       5       8       6      13      16      12       9
      11      16       4      11      13       7       9       6      13      12
       7       9      10       6      12       9       6       9       9      15
       7       9       7      14       7       9      10       2       9      11
       7      10       6       9      14      13      11       7       7      10
       7      11       7      10      10      17      13       9       6      11
       8      10       8      15       4      13      13       8      10       8
       8      11      12       8       7       9       5      11       9       8
      12      16      11      15       7      10       4      12       6       9
      13      13       7       8       6       1       6      10       9      10
      10       8      11       6      11      13       6      11       8       7
       9      12       7      10      10      14       3      13      11      13
      10      11      11       9       3      10      16       9       6      11
       7       8       4      13       9       5      10       4      10      14
       9       7      10       7      10       3      11       7      11       6
       7      10       5      11       8      10       8       7       7       7
       7       7       8       9      10       6       6      10       7       4
       3      10       3      16      10       8       8       8       8       9
      10       9       9      10       9       8       7      13      11       6
       4      12      12       5       4       8       7      12       7       8
      11       5      11       9       7       6      10      10       7       8
       8       8      11       3      14      11       5      10       7      11
       8       6      10       7       9      10       6      10       6       4
      14       5       7       7      11      11       8       9       8       5
      12       9      11       9      12      10       6       8       7       7
      12      12       9       7       9       5       4       5       4       8
      11      12      10       7      13       8       6       9       8      10
       6       8       8       5      11       9       5       9       5      11
      11       9       5      11      12      10       6       4       4       7
       7       7      10       7       5      11       3       9      13      12
       6       7       8       9       9      12      10       8       6      10
       9       7      11      12       8       5      11       3       9       3
      14       5       9       8       8      12       5       6       6      10
       6       8      11       6      15       6      10       6       6       9
      11       7       7       9      10      10       5      12       7      12
      11      10      12      14       8       6      10       5      14      11
      12      12       4       9       8      11       8      10      16       6
      13      13       6       8       9       4       8      10       5       6
      10      11      11      13       5       4      10       3       6       6
       7       7       5       9      15       8      11      12       7       9
      10      11       6      11       4       9      11       6       8       9
       5       3       8       4       6      14       8       9       5      14
      14       5       8      16       5       9       8       9       6       4
       4       7       6       9       4      11      10       7       8      20
       8       8      10       4       8       6       8      11      13      10
       6      10      11       5      12       6      11       6      15       7
      10       9       6       7      12       7       7       3       7       9
      10      10       8       3      13       7       5      10       6       4
       4      12       5       4       7      10       9       9      13       8
       9      12       4      10       4      12       8      10       5       6
       9       9       6      15       8      11       9      12      12       6
       9       7      10       9       7       7      11       8      14       4
       6      11      14       5       8       6       7       8      12      12
       9       7       8      11       4      10      13      10      12      11
       7      12       5       7      12       1      10       9      11       7
      11       7       6       7       6       5       6       7       3       7
       7      10      11       5       6      13       6      10       7      14
       7       4       4       7       5       8       9       8       7       5
       6       5       8       8      10       5       7       8       7       7
       5       9       9       4       5       4       8       7       7       7
       9       9       7       3       5      11       9      12       2       8
       8       8      16      12      10       6       7      13       9      10
       2      13      11       9      12       9      13      13      10       4
       7      13       9       7       8       7       6       8       5      12
       4      11       9       6       9       8       6       8      11       5
       8       8       7       6      11       8       9       7      11       7
       5       4       8       8      11      13       8       5       8      14
       9       6       5       9       5      10       7      10       7       9
       6       8      11      13       9       6      10       6      13       5
      12       4      10       5       8      13       6       8      10       6
      12       8       6      11      12       8      14       9      11       6
      10      10       6       6       8      10      10       9      15       8
      10       7       7       7      13      11       5       9       5      14
       6      12      10      14       4      12       8       9       8       9
       7       9       7       5      11       4      11      11       9       9
       6       8       9       7       4      15       6      14       7       7
      11       9      11      12      11      14       6       9       5       7
       7       6       6       9       8       8      12       6      12      13
       5       6      10      10       8       6       9       9      11      15
       7      11       5       9       9      10       5       8       9       8
       9       8      10      12       6       8       6       8       7      13
       7       6       6      10       8      11       6      13       9       9
      10      15       7       8       6      12       7       8       9      11
       9      10      16      13      13       8       7       6       8      14
       7       3      13       9       9      10       7      10       7       9
      10       8       9      13       4      12       7       5       8       5
      12      12       7      12      12       5       9      10      11      11
      12       5       5      11      11       7      10       5       6       6
       6       8       8      11       6       7       8      10       6      10
       7       5      11       5       8       4      13       7      10       9
       6       8       8      13       5       6      13       9       8       7
       7      10       8       7      11       8       5       9       7       9
      11      11       6       7      10       8      15       2      12       5
       9      10      10       5       6       9      15       6       7       7
       7      12      10       9       9       6       8      10      11      12
       6       8      12       5       5       9       6       6       6       5
      11       8       7       6       7       9       4       8       3      10
      10       8      10       7      14       5       7       6       7      12
       8       1      13       6       8       8       5       8      10      14
      10      10       6      11      11       9      11      12       5      11
       3      10       5       7      10      10       5       5      10       4
      12       6       7       5       4      11       7       8      12      13
      10       8       8       9       7       9      11       9      11       8
      10       7       6       8      11       6      14       7      11       7
       7       3       4       4       9       3       8      15       9       6
       7      13      12       8      15       7      13       7       6       8
       7      10       9       4       6      10       7       8       5       7
       7      14       6      10      14       4       6       6       7       9
      11       8       5      11       4       7       6      12       6       8
      11       6       9       9      11      10       8       8      10       9
       7       7       6       5      10       9       6       5       8      11
       6       7       7       8       6      15       4       6       8       9
       9       9      11       8      13       9      13       7       8      15
      18      11       6       5       6      13      11       6       5      13
       7      10      11      10       9       3       4       7      12       9
      17      10       8       6      10      10       6      12       9       9
       6      11       5      13       6       6       7      10       4       8
       8       9       4       7       6       7       9       8       9       1
      12       5      11       5      10       7      10      13       8      12
       5      15       7      10       7       6       7       9       4       4
      10       9       5       9       7       5       7      10       7       6
      12       6      13      11       8       9       8       7      13      13
      10       7       7       8       8      15       9       9       3       7
       8      16      12       7      13       6      13       6       9       4
       8       4       9       7       7       7       6       6       8       7
       3      11       6       6       7      12      13      12      11      11
      10      11       9       7       6      10       6      13       6      12
       9       9       8       5      18       6      10       8       3       8
       8       9       4       9       4      14       6      13      12       5
      13       6       7      10       7       9      11       5      11       4
       5      12      11       4       2       6      11       5       8      13
      10       6      13       8      12      10      12       8      11      15
      11      13       8       5       8       8       7       8      15       8
      10       6      10      10      11       5      10       5      14       8
       5       8       8       8       8      10      15       6       9      14
      10       6      10       7       8       5       5       6       8      12
       9       3       8       6       8       3      11      13       9       6
       7       2      15       9       6       7       5       3       6       9
       7       7       8       6      15       7      12       9       8       8
      13       6       8       3       7      10      11       3      10      16
      11       9       8       8       6       8       7      10       7      15
       7       7       5       6      13      10      10       5       8      10
       2      12       5      11      10       2       8      13       8       6
       8       5       6      11      11       8      11       8      10       9
      12      13       8       9       4       6       7      10      10      14
      12       5      11      10       8       8       9      14       7       9
       7      12       7      10       3       7      11       8       5       9
      10       9       7       6      15      10      10      10       9       9
       5       9      12       6      10       9       9       2       8      13
       5      13       8       9       4       5      13       8       7      11
       6       9       8       8       9       9       5      10      16      11
       5      12       6      11      12       7      10      10       8       9
       7       7       4      12      14       9       9      11       9       6
      12       9       9      12       9       9      11       6       8      11
      14       9       8       7      11       5       9      10       7       9
       9       8       8       8       7      12       9       7       8       6
      12      10       6       9       5       3       5       9       7      10
       9       6       6       5      11      10      13      17       9       7
      13       8       6       4       7       3       8       6       7       4
      14       4       8       8       3       9      13      11      13      11
       8       8       9       8       7       9       8       7      14       5
      10       5      11      12       4       1      10      14       4       6
       6       8       6       7      12      14       7       7       7       8
       9       6       6       6       5       9       8       4      11       5
       6       9      13       9       8       6       9      10       8       6
       6       6      15       5      10      11      14      10       7      13
      11      11       6      10      12       9       7       9       4       6
      14      10      13      10       5      11      13       9       8       6
       8       7       8       8      14       8       6      10       9       5
       8      12       6       4      11       7       6       8      13       6
       8      13       6       9       8       9       7      11      12       9
      11       5       8      11       6       7       7       8       8       7
       7      15      11      11       8      10      10       5      11      12
       5       3       6      10      12      14       4       6      14       5
       8       7      10       5       4       5      10      10       9       3
      10      10      11       8       6      13       5      11       7       6
       8       8       7       9       6      11       8       8       8       9
       6       4       5       4      12      11      10       7       9       6
      10       9       9      10       9      13      14      15       8      13
       8       4       4       5      10       3      10       7      11      10
       8      13      13      10      10      10       9       8      17       9
       8      12       7       4      10       9       9       4      11       8
      12       8       9       5      12      15      13      12       9       8
       5      10       8       8      14       8       5      15       7       9
      12      11       6       6       9      10      10       6       6       5
       5       7      12       3       9       6       6      12       9      11
      11       6       6       6       7      10       4       5      10      14
       5       6       8       4      14      13       5       5       6       7
       3      11       9       4      12       8      13       9      10      11
       7      10       8       7      13       5      10      10       8      15
      10      11       4       8       9       9      11      11       9      10
       7      13      11       4       9       8       9       9       6      10
       8       5       6       8       8      13       9       4      12       5
       9       9      13      10      15      17       7       7       9       8
      11       4       8       7      10      18       8       7       3      10
       4       5      10       7       9      11      10      12       8       6
      11       3      11       6      10       9      11       8       8       5
       7       9      11       6       5      11       8       7      12       7
       8       8       8       8       4      11      12       9       8       9
       9       6      10      12       6       9       8       8       9       9
      10       8      11       6       9      10       8       7      11      12
       5      17       4      13       9       8       7       4      11       8
      13      10       9      14      13       4      10       3      11      13
       6       3      11       3       9       5       6       9      17       9
       5      16       5      13       5      10       8       7       5       2
      11       9       5      12       8      10       8       9       6      11
       7       9       5       5      10      12      10       5       9       9
       9       9       5       8       9      10      11       9       5       8
       6       6       6       8      10      10       6       6       8      10
       5      10       7       9      14      10       7      15      12       9
       5       6      11      14       6      10       7       5       6      11
       8      10      20       4      10       5      10      10      10       4
       7      11      10       6       7       6      11       8      11       8
       9      11       6      10       9       4       8       8       6       8
      12       6       9       4       5       7       6       5       9      12
      10       6      10       9       5      12      11      10       5       5
      10      10       6      10      11       9       4      10       7       2
       9       4       5      10       8       9       7      10      12       7
      11       5       9      11      11      12      11       5       8       9
      10       7      10       6      13       8      13       9       9      11
      12       4       7       7       6       7       5      10       7      11
       8       5       2       8       8       6       9       4      12      13
       8      14       7      10      14      11       8       7      11       6
      11       7       6       9       9      13       5       5       5       8
      13       7       9      12       4       8       4       8      11      13
      10       5       9      10      10       7       7      13       7       6
      10      10       7      12       6      13       6      11       9       6
      12       8       9      12      10      13      10       9      12       4
      12      10       6       7      11       6      12       4       8      11
       8       6       7       8       8       9       8       6      10       4
       9      11      11       2      10      10      18       7      10       9
      12      10       6       8       7      10       9       6       9       8
       7      11       5       9       7       8       4       7       9      11
       8      10      13      13       9       8       4       5       6       2
       8       5      10       5       7      10       7       9      11       8
       5       9      12       6      10       9       9      13      12       6
       6       4       4       8       5      11       9      10      13      11
       7       6      12       3       4      10      11       5       8       6
       5       8      13       7       4      10      11       8       2      10
      10       4       5       7       7       9      10       7       6       7
       9      10       8       2       9       6      10       7       5      16
       8       5      12       6       7      11      10       6       9       7
       7       5       9       6       7       8       6      10       8       7
       6      13       9      11       8      12       6      10      12      13
       6       9      14       4       9       7       9       7      10       7
       6       7       6       9       9      13       6      12       8      11
      11       7      11      12      12       6       7       8       8      10
      15       9      14       3       9       6       9       4       5       9
       5       7      10      13       6      14      11       4       6       7
       8      12      10       4      11       6       8      11       4       4
      10      12       8       8       5       7       8       7       5       9
       6       6       5       4       3       8      11       6      10      10
       8       7       8       4       5      14      13       8      11      10
      10      17       6       6       9       7       5      10      12      13
       7       6      12      10       4      11       7       4       8       4
      10       5       8       8      10      10      10      14       8       6
       6      13      13      13       9       6      10       4       5       4
       5      10       7       8      16      11       7       7       9       9
       8       8       6       4      12       6       7       4       2       9
       9      14      15       3       5       9       8       6      12      12
       6       8      12      11       7      14      11      10       3       6
       9      13       6       9       8       9       6      13      11       7
       7      13       6       5       4       7       9      11      10       6
       6       9       5      10      10       9       6       8      13       2
       2       9       3      10      13       9       7      14       7       7
      13      12       7      10       8      14       6       3      10      10
      11       6       8      12       5       8      12       7       8       7
      15       6       9      10       5      10      13       9       9       9
      10       9       8      10      10       9       8      11       2       8
      14       9       9      12      10      11      10       8      11      11
       3       9      14       9       8      11       5       7      11       9
      13      10       8       3       8       8       9      15       9      10
       8      13       9      10       7       9      10      11       2       6
       7       5       9      12       5       6      18       5       7       5
       7      16      10       6       9       8      12      11       8       7
       7       8       6       6       7       9       9       5       6       9
       8       6       7      11       9      12       5      14      13       7
      14       9      12       7       7       7      10      10       8       5
      12       5       8       9      10      14       6       9       9      12
       8      12       7       3       4      11      12       8       9      11
       8      12       7      10       8       5      10      11      12       8
      14       6      14       6      10       9      10       6       3      14
       9      14       4      11       7       8       6      10       5       9
      12      11      10       8       8       6       8      12       8       7
       6       5       4      11      11       5       8       7      11       9
       8      10       4       5       9      12       6      12      11       7
       8      14       6      11       7       4       7      12       9       5
       8       9      11      10      10       8      11      10       7       8
       4      14      11       5      12       5       9      11       8       7
      13      16       8      10       8       4       5       5       9       8
       4       6      16       2      12      12       4       7       9       7
       9      12      12       4       7      13      14      12      10       9
      10       6       8       7       4       5       9       8       9      12
       5      10       9       7      10       9       9       6       9       8
       7       6       8      11       9      10       9       6       6       6
      12       6       9       9       4       6       9       8      14       7
      11       5      12      11      12       9       4      13       8      14
      10      14      15      13       6       8       8       4       8       9
       8       6      11       8       6      10      11       8      13       6
       8      10      11       9       8       6      10       4      11      15
       4       7      13      11      10      11       8       4      11       5
       7       9       3       8       7       5      12      14       5      11
       6      10       7       3       9       7       7       8       9       7
      10      10       5       9       1       6       9       8       5       7
      10      15       4       8      17       5       6      13       8       1
       9       7      13       6       9       9       9       7       8       6
      10       6       9      11      13      12      11       8       7       8
       6       6      13      13      16       8      10       2      13      13
       7      12      14       9       6       7      14      10      14       8
       4      10       9       7      11      11       6       5       9      12
      12       6       8       9      12       9      11       6       6      10
       7      14       7       7       7      13       9       8       5       4
      12       9      10       8      12       8      13       7       4       9
       8       7      12      14       8       9       6      12      12       7
      12      14       3       9       7       6      10       7      11       6
      13      14       9       3      13       4      11      12       6      11
       7       7       5       9       7       7       7      10      14       9
      11       7       9       9       5       9      10       6       7       6
       7       7      11       6       7       9       9       5      10       7
       6      15      13       7      10       9      12      12       8       2
       5      14      10       8      10      10       9       6       9       8
       9      11      13       4       7       9      10       9       7       5
       5      11       8       7       7       6       4       9       9       6
       9       9      12      11       6       6       5       7       8       6
      12      13      10      12      12      13      12      10       7      11
      10       8       9       9       9       7      11      11       8       8
       4      12      14      12      10       8       8       5      11       9
      10      12       7       6       7       8       9      10       7       9
       6      10       7      13       4       6       7       9      10       8
       9       6       5       6       7      11       7       9       9       9
       9      11      12       6       8      12      13      11      10      14
       5      13      17       4       1       9       6       7       7      10
       6       9      10      12      11       7       5       5       4       9
       4       9      14       7       5       3       5       2      10      12
       9       3       7      11       8      10       8       9       8       9
       6      11      14      11      11       9      11      10       7       5
       7      14       6      10       9      13       7      10      10       9
      14       8       8       7      14      10       5       8      10       6
       6       9      11       5       7       8      10       7       6      11
       9       5       6       9      10       7       4       8       5       6
       6      10       8       6      11       9      13      13       6      12
       6       8       7       6       6       7      10       6       8      12
       9      10       9      10       9       7      11       3      13       6
       9       9      10      11      10       9       9       8       5       9
      13      11       8      10       7       9      13       6       7       5
       7      10       9       6       8      10      12       8       7       8
       7       8      15      11       6       9      12      14       6       9
       9       2       8       6       4      13      10      11       6       7
       7      12       6      10       8       5       8      11      10      11
      11       6       9       9       4       7      11       5      11       8
       3       6       7      11      12       8       8      10       5       8
       9       6      11       5       6       5      12      10       5       6
      11       5      12       9      13       9       8       5       7       8
       9       7       7       6       8       6       7       6      13      11
      13       7       9       4      12       9       6       8      11       9
       9       9       9      10      13       4      12       6       5      16
       6       6       7      19       6       9      10       9       4       3
      12      11       9       6      11       8      10       7       8       7
      11       9      10       5       7       8       9      14       6       6
       6      16       7      11       6       6       9       5      10       6
       5       9       5       6      12      13       8      13       5       4
       9       9      11       9       5       0       9      11      11       6
       9      11      10       8       4       7       8       4       9       9
       4       8       6       8      14      14      11      12       9       8
       6      10       3      11       6      12       4       6       8       7
      12      14      13      10      10      10      10       4       7      14
       3      12      14       6      12      13       8      11      11       5
       6      13      12      10       9      11      12      13      14       5
       8       8       4       8       7       8       9       3       3       9
       6      10      15       8      12       6       9      15       9      11
      12       9       7      10      11      11       5      11       8      11
       7      11       8       9       5       6       7       8      11       4
       5       9      10      10       6      10       3       4       6      15
       8       7      13       7      10      11       9       9      11      11
      10       5       8      10       9       7       8       5      10       8
       6      12       7       8      13      13      12       6       6       7
       8       6      12       7       9       7       8       5       8       7
       4       9       9       6      11      11       9      10       9       7
       9      14       6       8       9       9      10       5       9      13
       8      10       7      15       7      12       6       8       6       8
      11       9       7       1       7       7       8      10       7       7
      13       9       3       9      10      12      10       5      10       9
       9       6       8       3       6      12       4      10      12       9
       6       7       3       9       8      10      11       7       7       8
      12       6       8       7       4      11       6       6       7      12
      10       8       7       5       8       8       8       5      13       9
       7      14       6       9       8       5       9       7      10      11
       8      13       8       9       7       8       6       6      14      14
      13       8      12      11       6      13      11      10      12      13
      11       8      13       7       3       7       6      17       7       7
       8       4       5      10       8       5       9       5       9       8
       8       9       7      11      11       8       7       2       6       5
       7       5       7       6      10       9       8       9       5      10
       7       7       3       7      10       7       6       6       6      12
      11      10       8       9       9       4      11      17       7       5
       8       3       6      15      10       4       8       7       7       9
       6       5       6       4      12      13       7       4      12       7
       7       5       7      11       3       9       8       5       9       8
       4       7       8      13       4       9       5      16      18       9
       6      11       8       9      11       9      10      10      10       7
       9      10       9      12       8       7      12       8       8       8
      10       8       3       6      10       5       5      14       9       8
      18       9      12      12       7       8       7       7       7       9
      11      10       3       5      10       6       8       7      12       8
      10       3       5       9       9      13      10       8       4       7
       8       9      10       9       9       6      12      12       7      13
       5       9       4       9      10       8       6       9       6      11
      14       8      10      11       8       6       8       9       8       7
       8      10       2       8       9      10       9      10       3       9
       6       5       8       9       6       3       9       8       9       8
       5      10       5      11      13       7       7       9       8       4
      11       8      10       7       7      17       5       9      16       9
      10       7       4       6       5      13      10       6       8       2
      10       9       3       8      10      10       9      11      12       8
       6       7       9       9       9       8       8       9       9      11
       8      11      13       3      12       5       7       9       9       7
       4      10       9       9      12      10      11      13       7      10
       5      11       7       6       6       8      12       5       9      10
       8       7       6       5       8       6      10       5       3       8
       8       4       9       9       6       4       7       9       4       7
       7       7       5      12      10      13       7      11       9      15
       8      12      11      11       7       9      11       6       9       8
      10      13      10       7       8       6      13       9       4       6
      10      10       6       9       8       5      13       6       8       8
       8      12       5       6       8       7       8      12       7       9
       8       7      12       3       6       8      10       9       4       7
       7       9      10      12       9       6       5       8       8       8
      11       6      15       5       7       4      11       4       9      10
      12       6      11      11       7       7       5      10       7       8
      13      11       9       7       4      12      10      10       6      11
      11       9       5      10       8       9      12       5       8      11
       3      11      10      16      12       6       5       3       7       8
       6       9       9      11       8       6       8       9       6       9
      12       5       4       4      16       3       8       5       9      10
       3       2       7       9       8       5       5      12       5      10
       8       3       7       7       8       9       7      11       7      11
       8      11       9       9       2      14       5      12       5       9
      12       5       8      10       5       9       7      13      10       7
       6       8       6      14       6      10       6      11       9      11
       7      14       7       7       5      10      15      10       7       7
      13      11       6      10      11       4       6       4       9      11
       9       8       9       9       6      11       4       8      11       5
       9       6      10      13       9       7       5       4      10      11
       8       5       7       8      10      10      11       5       9       4
       5      10       6       7      12      11       4      11       7       8
      12       8       9       7       3       9      10      11       8      12
       4       8      11       5       3       5      13       5      10       3
       7       9       7       7      10       9       9       6      13      12
       9       8      12       5       5       8       4       8       1       6
       7       7       8       9       6       6      13      12       6       7
      10       5       8       7      10       5       7       5       4       9
       7       6       9       8       8       9      14      13       7       9
       7      10      10       5      14       7      11       9      10       8
      12       8      11       4       5      12      13       9       6      10
       5       7       3      10       5      16       9       8       6       3
       6       5       4       5      10       8      12      13       8      14
       7       7      10      11      15       5      18       9       8      10
       6       6      11       8      14       6       9       6       7       8
       9       4      11      12       8       7      12       4       9      14
       6       6      10       8       6      10       8       8       9       6
      10       8       4       8      11      10       8       5      18       2
       9       2       8       7       9      10       8      13       7       6
       5       7       9       7      10      12       5      15       8      12
       6       6      16      10      10       3       7       5       5       9
       7      10       5       6       8       4      10       9       7       7
       5       6      10       7       6      11      11       9      12       6
       7      11       3       7       9      11       9      12       3       7
      11      10      16       8       9      13       9       3       9       6
       6       2      11      10       9      12       8       4       9       6
       7       9      13       8       9       6       9       7      18       6
      10       3      10      11       6       6       7      11       9      11
      10      14      10       9       5       3       7       9      10       9
       5       9       7      10      10       4      10      13      14       8
       5       6       3       5       5      15      10       7       9       8
       6       5      12      11       4       7      10       7       7       7
      14       9      18       7      13       8       7      10       5       7
       3       8       8      11       4      11      12       5       7      13
      15      11       5      10      14      10       4      13       8       2
       9       6      13       6      11       4       7      11      11       8
      16      14       8       5      12       8       6       6       8       5
      10       9      12       9       5       8       7      11       4       6
      11      10       9       7       8       9      10       7       6       7
       9      11       8      11       9       7      13       7      10       5
      10       6       3      11       9       7       8      11       9       7
      13      10      16      10       4       5      10       3       8      10
       8       7       7      10       7      12       9       7       9       3
       7       5       4       6      12       6      10      12      11      15
       9       5      10      12      13       6       8       3       7      13
       9       5      14       6      13       3       6       5      10      13
       6       8      10      10      10       9      12       6       5      10
       4      11       5       4       5      10       8      14       7       9
       7      14      14      12       8       8      11       5       5      12
       6      16      14      10       6       5      16       7      12       7
      10      11      10       8       7       8      11       8       7       7
      15      12       6      12       6       8       6       4       7      13
      13      10      12      14      11      10      10       9       8       8
      12       9       4      15      13       7      15      13       7       8
      14       7       9       7      12      11       9       2       8      13
       9      10       9      11      10      11      11      11      10       8
       4       6       7       6       7      11       9       8      12       9
      10       8      17      11       3       8       5       7       4       8
       8      11       7      13       5       8      11       7       9       5
       8      10      11      12       8      11       7       4       9      13
       7       4       6       8       6       5       5      10      11       1
       6       6       7      12      20       8       4       8       8       7
       5      10       6       5      11       9       4       9      11      10
       6       6      10       4      12       8       6       6       3      12
       8       6       7       6       5      13      11       9      10      15
      10      11       7       6       8      12       3      10       5      10
       6      11       6       8       3       9       6       8       9       7
      10      15      10       6      13      12       9       6      10       7
       5       7       6      10      13       6       6      10       8       7
      10       7       5       7       8       6      11      11       8       6
      16       7      10       4      11       5       6       7       6      13
      11       8      12       6       9      11       7      12       8       5
       7       6       7       9       8      12      11      11       6       5
       8       7      13      10       8       8       6      14       9       7
       8      10      11       7       5       9      12       7       8       5
       6       7      10      10       5      13      12      13      11       9
       7       6       6      14      10       8      11       8       6      16
       9      10       9       8      13       9       7      11       7       7
      11       7       5       5      10      10       5       9      16       8
      15      15       9       8       8       7       7       7      13      12
      12       7       9       9       4       3       7       8       9       5
      13      11      12      16      10       9       8      10      13       8
      10       8       8       9       8      13      12      10       8       8
       7       9       9       7       9      14       8      16       9       7
       6       6       8       5      12       3       6       3      10       5
       1      10      14      10      10       9      13       9      10      10
       7       5       6      12       9       7       9      10      12      10
       7       4      12      10       5       5      12       4       5       8
       6       5      13      10      11      12       5      11       5       7
       5       5      11      18       5       9       6       7       8       9
      11       7      12       8       8      12       9      10      12      10
       9      10       6      14       8       8       6      10      11       9
       8       7       6      13       6       5       8       5       8       3
       8       3      11      11       7       4       6       9      10       6
       7       7       6       3       9       7      19       8       9       8
       9      11      16       6       9       9       4       5       6      14
       8      14       7       5      14      10      15       6       9      12
      12       7       9      12       4       9       6       8       7       8
       5      10       9       9      12      11       8       4       3       9
       7       7      11      12      10      13      11       8       7       6
      17      11       9       5       8       9       6       8      10       8
      10      11      10       7       7       7       6       9       7       7
      16      11       9      11       6      13       5       5      12      11
      10       9       5       3       4       7       4      12       9      16
      10       4       7       7       4      11       5       6       8       7
       6      15       5       8      14       9      10       9      11      12
       6      11       6       9       8       8      13       6      10       5
       6       9       5       7      10       4       5       7       8       7
      10      11       4      10      13       7       6       8      14      11
       8      11      13       6      10       8      12       7       5      12
       7      12       8      13       7       9       9       9       7       3
       7       6       7      10       9       4      14       7      11      10
      10       8       8       3       8       7      15       6       7      12
      10       8      10       7       9      13       9      11      13       7
       5       5      11       9      10       5       9      12       7       8
       8      13      10       5      12       5       5       7       8      13
       8       4       7      12       3      15       7      12       9       6
       9      12       9       7       7       6      14       6       7       2
       9       9       9       6      13       8      11      10       7       3
       9       7       4       6       9       8       6       6       5       5
      12       8      10      10      10       8       9       4       9       7
       5       6       9       9      13      10       6      12      13       5
       6       7       6       8       6       9      10      14      10       5
       4       8      12       8       6       8      12       8       9       6
       9      12       4       6      12       8      11       8       9      11
       8      10      11       4       3      13      10       8      13       8
       4       9       7      10       6       8       7      10      11       7
      12       3       6       8      11       9       4      12       7      10
      14       9      13       4       7       6       6      12       9      10
       7       7      12       7       8       4      10      11      11      11
      19       7       9      13      13      16       7       7      13      10
      11      12       8       9      11       8      11       6       7      11
      12       8       7       8       8      13       9       7       5       6
       8      11       5      10       9       7       8       7       4       7
       8       4      10       9       4       7       5       8       9       8
       7      13      15       4       8       7       3       5      10       8
       7      12       9      10       8       8       6       6       9       9
      10       7       6       3       4       9       9       8       8      14
       7       8       8      11       3      12      13      10       6      12
      10       8      15      14      12      10       5       9      11       5
       8       8       9       9      14       8      10       9       6       5
      12      10       5      11       7       4      10       9       5       9
      10       7       3       9       7       4       6      13       6      14
       5       8      12       6       8       7       7      13      10      10
       5       5       9      10       1      10      13       7       9      10
       5       5       6      11       9      10      11       7      10       7
       3       8      12      11       8       6      10      14       7       7
       9      11       4      12       7       8       9      10       9       5
       8      10       5      11      10       7       5       7       8       7
       7       8      10       8       8       8       4      10       3       7
       7       6      17       7       8       3       5       2       7       5
       8       8      12       6      10       4       6       2       6      11
       8       9       8      11       8      11       9       7      10      13
      12       6       5       8      14      11       6       9       7      12
       9      13      11       3      12       7       8      12       9      11
       8       6       7      14       7      11       8       5      11       6
       7       8      11       3       9      10       4      10       9       4
       5       6       6       9       7       5       4      16      12      10
      11       7       8       8       5       8       5       7      14       7
       8       5       8       8      10      13       9      10      13       8
       5      11       8       4       7       3      13       7       6       8
       8       5      10       6       7      10       9      13       9      16
       8      12       6       7       6       9       8       7      11       6
      11      10       8      11       9       4       9       9       7      10
       9      10       7      12      12       7       6      12      15       6
       7       3       6      10       9       8      12       9      12       5
       8       7       8       7       8       9       6      17       4       9
       7       8       4       8      10       6       9       8       4       8
       5       9      11       5      13       9      15       8      11       5
      11       8      15       9       4       6       6       6       6       7
      11       6      11       8       7       6      13      16       4       8
      15       4       5       7       4      13      12      11      10       5
      10       5       8      14       9       6      14       9       7      11
       7      10       5       5      10       5      13       8      12      10
       8       9       5       5      10      11       6       9      11      10
      10       7      10      10       8       4      16      12      10       8
       5       5       8       9      10       5       9       4      12       8
      14       7      11       8      11      11       6       6      10      11
       5       7       8       8       7       9       6       3      10      10
       6      12       6       8       8      10      10       7      12       9
       7      12       6       4       5       7      15       9      11      10
       9      13      11       7       5       8      13       9      13      10
      10       6       6      11      10      12       5       7       8       7
       5       5       7      11       9      14       3      11      11      13
       7       2       9       9       8       5       5       6       5       9
      11       7       7      10       7      20      11      10       6       5
      13       4       3       3       7       7       8      10       7      10
       4       7      11       6       9       6      10       7       9       8
       7       8       6       8       6       8       8       9      13      11
      10       7       1       8       9      10       9       8       6       8
       1       6      11      13       9       7      11       5       6       7
      10       8       7      10      13       4      13       6      11       6
       2      11       7       8       5       5       4      13       9      10
      13      14       8       9       8      14       9      12      12       9
      14      13       7       8      10       7      14       6      11      16
       6       9      11      12       7      11      12       7       9      10
      10      12       6       8       5      14      11      10       8       7
      11       8      10       6       5       9       5       7       7       9
       5       9       7       7       7      13       3       6      10       6
       8       7      13       3      13       6       6       9       8       7
      12      10       8       6       8       3       7       8       5      11
       8       6       9       9       9      10       9       6      14      14
       9       8       7       5      12       4      13       9      10       6
       6      11       8       5       5       8       7       4       5      14
      10       2      13      13       6       6      13       9      13       9
       6       3      12       8       8       4       9       5      14      14
      10       9      11       9       5      13       4       6      14       9
       6      10       8      12       7       8      14      10       7      10
       5      11       4       7       8       6       9       9       5       9
       5      11       9       9       5       5      13      12      10       8
       5      13       8      10       4      10      12       8      16      13
      12       4      10       8       8       9       6       7      10       9
       6      12      10       5       8       6       8      10       7      13
       9       9      13       8       9       9       8       4      13      11
       9       4       4      13       9      13       4      12       9      10
      11       5       7       7      10      15       7      12      12       9
       8       8       7       7      10       7       7       5      10      12
       8       4      10       9       9       7      10       7       2      10
      12       8       8      11       5      11      14       5      10       6
      12       5       1      14      14       8      11       8       9       6
       6       8       7      11      13       7      11      12      12       6
       4      12       8       9       7       9      12       6       2       6
       7       9       9       4       8       4      14       6       8      16
      10       8       5       8       5       5       6      11       5       7
       8       5      11       8       5      10       7       6      10       5
      10       5      10      11      12      10       8      11      14      13
      11      19       9      11       4       6      12       8       8      11
       6      16       4      12      11       7      11       6       5       8
      14      12      11       5       5       5      14       2      11       6
      10      11      11      10      12       6      14       9      10       6
      10      10      12      13       5       3       2      14       8      14
      11      10       6       8       2      14       5       5      15      10
       7       8       8       8       7      14       8       8       8       7
       4       7       9       7       7      10       7       2       7       5
      11       6       7      11      11      10       5      10      10       6
      19       2       8      10       7      10      12      11       7      14
       7       7      13      17       5       6       8       8      10       6
       9      11      13       7      10       6       9      14       9      14
       9      10      13       8       7       7       7      10      13       7
      14       3       7       8      14       4       7       6       8       8
       5       8       2       4       8       8       9       8       5       7
       8      12       7       7       4      12       7      12       9      10
       9       8       5       9      12      11      12       9       9       5
      17      19      11       6      11      11       8      12      13      11
      10       6       6      14       6      12       3       9       8      11
      14       7       8      12      14       5       5       5       4      10
       7       5      10       7       9      13      12       8       4       4
      10       7       6      12      14      11       7       8       3      10
      10      14       7       8       7      10       8       7       6       5
       7      11       8       8       4       5       4       8       7       7
      11       8       8       8       5       9       7       8      11      12
       4      13      10       6       9       6      10       8      10       4
       3      12      13       9      11      12      15       6       4       5
       9       6       4      11      14      12       8       5      11       7
      14       7       7      19       9      13       7       2       9       6
      10       5       7       4       7       7      10      13       9      10
       4       5       9       6       6      18      13       7       8      12
       7       5       1       9       7       6       5       4       6      10
       8       4       7       9       4       8       5      10       4       7
       6       5       4       6       6      10      11       8       9       8
      14      11       9      10      10       3       8      11      13       3
       6      14       9      12       6       6       9      13      10       5
      12       6      14      11      10       8       4      13       9       9
       9       6      11       8       7       8      10       8       8       9
      10      10      11       9       6       7       8       9       7       6
      10       8       7      10       6       8      10       6       6       5
       9       9      12       8      11       8       6       8       4       7
       8      10       5       6       4       5       8       7      13      14
       8       8       7      13       8       4       9       8      12       8
       9       9      11      11      12       5       2       7       6      12
       5       9       4      13      14       8       7      15       7       2
       3      13       7      16       3      13       9       5      10       6
      10       5       8      14       3       8      13       9       4      12
       4       9      12       7      12      10       5       9      14       7
      11      12       8       8       4       4      16       8       6      11
       9       8       7       7       4      12       6       6       7      12
       7       7       6       6      12       6       8       8       8      12
       6      14       1       8       7       9       8      16      11       5
       5       4       7       6       8       8       6      10      14      13
      16       9       8       5      12       6       6       8       9      10
       7      10       4      14       1       8       3      12      13       6
       5       9      13       4       9       8       8       9       3      10
       8       6       7       8       6       8       8       7       9      16
      12       8       5       5       6       8      12       7       4       5
       4       4       5       9      11       7      14       8       8      10
      11       8       8       9       7      10       9       5      10       6
      12       9       8       7       9       3       9       4       7       8
       8      14       8      11       9       6       5      10       4       3
       6       6      12      13       9       5      10       9       3       7
       9       8       6      12       8       9       5      10       4      12
      13       9       9      11      13       8       4       9      13      10
      10       7       5       6       2       9      10      14      12       8
      16      11      11      13      12      11       5       3       6       3
       5       8       6      13      11      12       8      12       3       7
       6       8       8      12      10       7       5      10      13      13
       7       6      10       4       7      10       6      11       7       6
      12       7      10       9      13       9      12       6       6       7
       4       8      11      10       4       8      11       7       7       5
      11       7      11      13      11      12       7       6      12       4
       8      13       9       5       4       7       6      13      10      10
      10       5       6      10       9       9       9       9       8       9
      12       5      13       8       9       8       9      10       4       7
      10       6       4       8       8       8      10      14       7       9
      12       9      11      14       5      11       6      11       6       4
       9       6      12      14      10      10      10       6      11       8
       6      10      10       6       9       7      12       4       7       8
      13       6       5       4       6       9       4      10       8      11
       7      15       9       7      11       8       7       7       6       7
       6      11       9      10       5       6      10       7      12       6
       7       5       9      10       6       8      13       7       6      13
       6       8       5       9       6       9      14       7       5       9
       4       2      15       5       7       7      13       9       9       6
       6       9       8       3      13       9       7       3       5      18
       3       4       5      11      11      10       8      11      11       8
       5       4       8       6       7       8      10       6       8       8
       3       6       5      12       5       9       6       8      12      15
      13       8       4      10       6      10      11      10      11       8
      12       5      13      11      10       8       8       9      11       8
       8      11       2      10       7      10       5      12       2       6
      11       7       5       6       9      11       9       6      14      13
       8       8      10       9       7       7       7       7      14       5
       8      16      12       7       8       6       5      13       7       7
      10       6       6       4       7       9      10      10       9       5
      12      12      11      14      12       5       9       8       5      12
      10       9       6      10       7      12       7       7      11       8
       9       6      11       9      12      10       7      17       9      12
       4       6       7      11       7       4       8       9       7       9
       5      10      19      12       8      11      10      13      10      15
       6      10      13      13       8       7       9       7       7      10
       7       5       8       9      10       5      10      15      12       6
       7       9       6       5       5       6       8       8       9      12
       6       8       6      15       8       8      16       9       7       7
       9       9       3      11       4       5       9      15       7      10
       7      10      16      10       5      11       7       9       4       3
       8       5      10      11      12       7       6       8       7      10
       6       8      11      11       8       8       8      11       7      13
       6      13       3       8       8       7       7      12      13      13
       8      11       8      10       7       9      12       7      11       8
      11      12       6       5       8       7       2       6       6      13
      11       8       5       6      12       6      12       6       6      10
       5       7      12       8       7      12       6      12      11      13
       6       7       9       6       8      14       5       9      10       7
      15       9       6      13      15       9      10       9      12       5
       9      10       5      10       7       9      14      10       9       5
       8      12       8      13       4      13      11       9      10      10
      12       8      13       7       9       8       7      13      12       7
      14       9       4      10      10       4       4      12       4       8
      12       7      10       2       9      10      10      10      10       8
       8       8       5       8      13       5       8       7      14      10
      10      10       4       5       5       5       6       8      11      10
      10      10       4      11       5      12      12      16      10       6
      12      14      12       6       6      10       8       4       7       8
       8       6       9       9       6       8      11       8      10      11
       6       9      11       7       7      11       9       4      11      10
       7       9      12      10       6       7      11       9       5       9
       9      12       7       8      12       9      12      14       7       9
       4      16       7       6       9      10      10       9       9      12
       9      11      12      10       5       8      14       3      11      10
      12       8      12       3      15       7       6       9      11      10

