00001 Untitled 03:19:59.43 08-FEB-23
       8       8      11      11      10       5       5       8       5       9
       8       8       8       9       8       8      10       9       6      16
       8       9       5       5      10       6       9       5       6       7
      11      12       6       7      10       7       6      10      12       5
       7       9       8       9       4       7      10       8      13      10
       8       8      12       9      15       7      12      11       8       8
       9       9       9       7       8       5      12      15      12      13
      11       6       7      10       4       5       7       6      10       6
      11       7      13       7       8       6      12       9       8      10
       5       7       6      11      11       6       8       9       6       7
       9      12       8      10      11      11      10       6       8       7
       6       4       7       6       9       9       9      14       4       9
      15       7       5      10       9       5       7       4       9       4
      12       9       7       9       7       8       5      11       6      11
      12       8       4      12       8       5       6      15      13       6
       8       6       8       8      13      12       8       3       9       6
       7       4      10      10      10       5      12       9       3       6
      12       9       9       7      11       9       9       7      11       9
       8       4       8       9       9       7      10       8      13       8
      11      12       6      10       8       3       5      18      13       6
       9       5       4       9       7       5      11       8       5       7
      10       9      13       8       5      11       5       8       8       8
      12       8       9       9      12      11      11      12      16       8
       7       7      10       4      12      14      10       4       9       7
      11      11      17       9      10      15       6      11       9      12
       7       8       9       9       9       8      13      10      11       6
       5       4       9       7      10      11      11       6      11      10
       6      13       8       6       4       9       8       3       5       8
      17       9       9      13      16      16       7      10      11      10
       8      11       7      10      14       5      11       6       7       9
      11       9      11      15       9       5       6       8      16       4
       7       6       7      12       6       7      10       7       7       4
      12       6       3       6       7       4      13       8       5       5
       7       9       6       5       7       9      11       6      11      10
      12       6      12      11      13       8       7       8      11      10
       7       3       6       7      10       1       7       9       5       9
      10       7       5      13      11      10       5       6      15       3
       9       6       9      10      13       7       7      11       4       8
       8       5      10      14       5       7      10      11       6       4
       3       5       7      12       9      12       5       7       8      12
       8      14      11      11      10       5       9       9       8       7
      16      13       9       4       7      11      10      11       6      13
       6       5       6       7       7      13      10       6       8       8
       6       8      15       6       8      11      11       7      14       9
       9       6       8       9       5      11       6       5      12       5
       9       6       9       6       7       8       8      11       6       6
      10      13       6       4       6       8       9      10       8       8
      12       9      14      11       7       2       8      10      10       6
       7       3       6       2       8       6      12      10      16       6
       9       9       5       6      13       5      13       8      15       9
       8       7       7      13       6      11       7      10       5       7
       9       5       8       5       7      11      13       8      11       9
       8       9      18       4      11      10      10      17      10      12
      12      13       9       8       8       7      11       8       6       7
       9       6       4       8       7       5      13       9      13       7
       4       6       7      10       6       6       6       9       8      10
      12      11      10      11      11       6       7       7       8      10
       7       6       8       6       8      13       7       5       5      13
       4      10       5       6      11      17      16       3      14       7
      11      10       8       9       6      10       8      10       7       6
       6       7       9      10       7      10       8      11      12       5
       3       7       6      11       5       7      14       5      13      10
       5       6      11       9       7       6      12      15       9      13
       7       7       8      16      11       7      15      15       5      10
       9      10       7       9       8      10       6       6       9      12
       6      10       6       7      14      13      12      14       2       8
      15       9      11      12       7       8       7       6       5      13
       7       9       8       6       9       9       8       7       6       8
       4       8      10      11       7      11      11       8       9      11
       8      10       7       7       6       6       5       7      12       6
       9       5       5       7       6       7       9       7       8      10
       9       6      14       9       4       9      15      10      10       5
      15       6       7       6      11      10       8      11       8       5
       5      12       7      12      16       4       7      10       8       9
      12      12      11      14      10       5       8       9      12       7
       4       7       6       4      16      11       8       5       9       6
       5      10       6       8       6      11       8      12       5       8
       7       9      12       6      10      12       8       9      11       8
       4       7      12       4       9      11       8       6       8       5
       8      13       6      11       8       8       7       4      13       4
      11       5       8      11       6      10      11       8       7      14
       4       8       8       8       6      13       8       3       7       8
       8       9       5       6       6      10       5      12      11      11
       9       3      12      11       5      11      12       5      10      12
       9       7      12       4      10       5       6       9       7      11
       6       7       6       7       4       7       9       8      13      10
      15      10       7      11       6       8      10      11      11       8
       6       5       5       6      11       9       7       9       6       7
       6       5       7       9      12       9       5       3       1      12
       8       6       4       6      10       4       8       7       4       8
       6       7      12      11       8       3       5       9      14       6
       9       9       8       9       4      10      12       9       6       3
       6      10       3       5      11       9      11       3       7      12
       7       8       8       9      12      12       7       7       8       8
       5      10       6       5       9       7       1       7       7      14
      14       9       7      10      11      10       7       5      17       7
      11      14       6       9       9       3      11       6       9       9
       9      16      11       7       9       4      10      10       7       6
      12       7       8       6      10      12      11       8       9       6
       9       1       9       5       9       4       6       6      10      11
      11       2       5      12       7      12       7      14       7      12
       9       9       3       6      12      10      10      14       9       7
       8      11      11       5       6       4       6       8       4       8
       8       6       9       6      10      13       8       8       8       6
       8       9       8       9       8       8       4      10      13       7
       9       9       6       8       7      10      10       9       6       6
      12       7       9      13       8       4       8      10       6       8
      11       6      11      11       9       8       9       9      11       9
       7      12      11      12       7       6       7       5       6       8
      11       7      11       4      10      10       8       9      11       4
       7       8       6       4       9      14      11       6       6      10
       6      11       5      11      11       6       7       6       7      11
      10      12       5       9       7       8       7       8       6       8
       9       8      10       3       7       4       9       7      13       7
      14      10      18       5      11       6      10      12       7       7
       5       8       6       7      11      12       9       9       5      10
       8       5       8      11      10      10       7       8      13       5
       6      10      12      14       8       9      14       9       6       8
       7      10       7       7      12       7      13       7       7      12
       9       7      11       8      10       3      11      15       5       8
      10      11      20       9      13       9       7       6       8      11
      13       7       9       4      11       8      10      14      11       4
       9       2       5      16       8       4       5      10       8       7
       9       8       7       9      11       5      13       9      14       9
       9       5      11       8       8       5      10      10       7      10
       9       9       9       6      10       8       5      11       8       3
      11      12      13       8       5       7       4       6      13       8
       5       6       5       6      12       6      10       7       8      11
       8      13       7       3       8       8      12       5       8       9
       6       6       6       8      10      10       7       8       8       6
       6       4      12       8      12       6      10       5       7      15
       4      10      13       6       7       6       9       8       5       8
      11       8      16       7       8      13       9       7      19      22
      12      11      20      21      31      35      32      38      55      49
      60      86     114     122     138     175     197     239     309     337
     372     500     535     650     713     833    1093    1220    1363    1641
    1772    2013    2361    2695    3158    3608    3891    4514    5069    5782
    6279    7130    8016    8739    9867   10697   12074   13090   14426   15854
   17176   18711   20028   21628   23538   25486   27197   29216   30797   32863
   35317   37221   38998   41401   43504   45336   47574   49762   52056   53847
   55926   57655   59698   61315   62759   64528   66308   67795   68598   70036
   71301   71390   72502   73467   73436   73947   74425   74249   74460   74396
   74242   73990   72931   72808   72041   71566   70799   69874   68547   68213
   66892   65797   65007   63164   62433   60611   59358   58556   57379   56259
   54792   53750   52152   50729   49635   48759   47352   45885   44691   43927
   42135   41628   39994   39355   38341   37383   36244   35173   34694   33525
   32602   31559   30819   30153   29330   28473   27492   26611   26121   25209
   24384   23984   23390   23002   22250   21516   21099   20288   19929   19188
   18706   18392   17951   17436   16882   16415   16052   15531   15425   14678
   14470   14031   13655   13349   12991   12597   12156   11953   11715   11322
   10973   10728   10327   10244   10039    9608    9601    9254    9097    8810
    8556    8313    8156    7859    7598    7284    7244    7020    6884    6679
    6452    6345    6203    6014    5759    5743    5472    5412    5315    5083
    5158    4909    4930    4527    4530    4416    4316    4144    4155    3954
    3968    3775    3718    3595    3456    3508    3358    3261    3238    3220
    3042    2923    2917    2897    2740    2638    2678    2525    2431    2439
    2443    2308    2176    2184    2196    2084    1992    2027    1918    1955
    1762    1794    1665    1719    1693    1590    1535    1609    1522    1450
    1393    1385    1341    1366    1250    1268    1179    1212    1206    1122
    1096    1082    1063    1035     976    1065     967     979     961     850
     869     884     833     859     795     769     774     807     731     730
     762     646     693     663     622     598     591     578     599     604
     544     546     517     498     457     502     472     467     444     430
     417     415     403     445     388     370     364     376     387     328
     321     333     347     284     292     285     255     287     254     282
     258     252     245     253     231     236     259     225     235     230
     214     235     202     196     206     212     174     157     173     180
     167     179     167     170     142     155     133     142     147     116
     146     137     129     114     131     107     127     103     112     119
     105     103     125      90      79     105     127      80      85      78
      81      96      89      73      85      86      72      75      91      78
      68      80      67      57      75      58      59      67      59      70
      66      47      55      62      64      35      49      49      49      58
      51      58      57      51      42      40      40      36      47      44
      44      45      29      36      37      53      45      31      44      32
      33      30      30      27      26      25      31      42      18      38
      35      25      36      23      22      22      26      30      19      27
      24      25      20      30      28      15      28      16      22      27
      20      22      17      16      11      19      18      23      15      17
      19      20      18      12      10      17      18      21      19      21
      14      12      18      15       9      13      16      13      17      10
       9      20      24      21      11      12      10      16      11      13
      17      17      13      15       5      12      16      10      14      15
      14      16      17      12      12       7      14      16      14       6
      16      11       7       6      12      13       9      13       7      17
       8      14      10      13       8      15      10      11      10      13
       8      18       6      10       8      11       9       9       8      10
       7      12       6      16       8       7       7      10      13       8
      12       6       8       9      12      15       7      14       8       8
      11       6       6      10      12      14       8       8      10      12
       5       4       7       9       8      11       6       9      12      12
      11      10       6       7       7       9       4       7       5       7
      12      16       6       9      10      11       8       5      11       8
       7       7       8      14      16      11       8       8       6      16
      16       6       8       7       6       6       8       5       9       6
      13      10      11      14       6      12       8      13      11      10
       9      16       6       8      10       6       9      16      12      12
       9       7      10       8       6       9       6       5       9       5
       8       5       9       4       9       5       9      14      11       9
      11      14       4      10      11       6       7       6       9      12
       6       9       8       6      10       9       6       7       9      14
       7       9       7      14       7       9      10       2       9       9
       6      10       7       8      14      13      10       7       7      10
       7      11       7       9      10      17      12       8       4      11
       7       9       8      14       4      13      12       7      10       8
       8      10      10       8       7       9       5      11       7       8
      12      16      11      15       7      10       4      11       6       9
      12      12       7       7       6       1       6       9       7       9
      10       7      11       6      11      13       6      11       8       6
       9      12       7      10      10      14       3      13      11      13
      10      11      10       9       3      10      16       9       6      11
       7       8       4      13       9       5       9       4      10      14
       9       7      10       7      10       3      11       7      11       6
       7      10       5      11       8      10       8       7       7       7
       7       7       8       9      10       6       6      10       7       4
       3      10       3      16       9       8       8       8       8       9
      10       9       9       9       9       8       7      13      11       6
       4      12      12       5       4       8       7      12       7       8
      11       5      11       9       7       6      10      10       7       8
       8       8      11       3      14      11       5      10       7      11
       8       6      10       7       9      10       6      10       6       4
      14       5       7       7      11      11       8       9       8       5
      12       9      11       9      12      10       6       8       7       7
      12      12       9       7       9       5       4       5       4       8
      11      12      10       7      13       8       6       9       8      10
       6       8       8       5      11       9       5       9       5      11
      11       9       5      11      12      10       6       4       4       7
       7       7      10       7       5      11       3       9      13      12
       6       7       8       9       9      12      10       8       6      10
       9       7      11      12       8       5      11       3       9       3
      14       5       9       8       8      12       5       6       6      10
       6       8      11       6      15       6      10       6       6       9
      11       7       7       9      10      10       5      12       7      12
      11      10      12      14       8       6      10       5      14      11
      12      12       4       9       8      11       8      10      16       6
      13      13       6       8       9       4       8      10       5       6
      10      11      11      13       5       4      10       3       6       6
       7       7       5       9      15       8      11      12       7       9
      10      11       6      11       4       9      11       6       8       9
       5       3       8       4       6      14       8       9       5      14
      14       5       8      16       5       9       8       9       6       4
       4       7       6       9       4      11      10       7       8      20
       8       8      10       4       8       6       8      11      13      10
       6      10      11       5      12       6      11       6      15       7
      10       9       6       7      12       7       7       3       7       9
      10      10       8       3      13       7       5      10       6       4
       4      12       5       4       7      10       9       9      13       8
       9      12       4      10       4      12       8      10       5       6
       9       9       6      15       8      11       9      12      12       6
       9       7      10       9       7       7      11       8      14       4
       6      11      14       5       8       6       7       8      12      12
       9       7       8      11       4      10      13      10      12      11
       7      12       5       7      12       1      10       9      11       7
      11       7       6       7       6       5       6       7       3       7
       7      10      11       5       6      13       6      10       7      14
       7       4       4       7       5       8       9       8       7       5
       6       5       8       8      10       5       7       8       7       7
       5       9       9       4       5       4       8       7       7       7
       9       9       7       3       5      11       9      12       2       8
       8       8      16      12      10       6       7      13       9      10
       2      13      11       9      12       9      13      13      10       4
       7      13       9       7       8       7       6       8       5      12
       4      11       9       6       9       8       6       8      11       5
       8       8       7       6      11       8       9       7      11       7
       5       4       8       8      11      13       8       5       8      14
       9       6       5       9       5      10       7      10       7       9
       6       8      11      13       9       6      10       6      13       5
      12       4      10       5       8      13       6       8      10       6
      12       8       6      11      12       8      14       9      11       6
      10      10       6       6       8      10      10       9      15       8
      10       7       7       7      13      11       5       9       5      14
       6      12      10      14       4      12       8       9       8       9
       7       9       7       5      11       4      11      11       9       9
       6       8       9       7       4      15       6      14       7       7
      11       9      11      12      11      14       6       9       5       7
       7       6       6       9       8       8      12       6      12      13
       5       6      10      10       8       6       9       9      11      15
       7      11       5       9       9      10       5       8       9       8
       9       8      10      12       6       8       6       8       7      13
       7       6       6      10       8      11       6      13       9       9
      10      15       7       8       6      12       7       8       9      11
       9      10      16      13      13       8       7       6       8      14
       7       3      13       9       9      10       7      10       7       9
      10       8       9      13       4      12       7       5       8       5
      12      12       7      12      12       5       9      10      11      11
      12       5       5      11      11       7      10       5       6       6
       6       8       8      11       6       7       8      10       6      10
       7       5      11       5       8       4      13       7      10       9
       6       8       8      13       5       6      13       9       8       7
       7      10       8       7      11       8       5       9       7       9
      11      11       6       7      10       8      15       2      12       5
       9      10      10       5       6       9      15       6       7       7
       7      12      10       9       9       6       8      10      11      12
       6       8      12       5       5       9       6       6       6       5
      11       8       7       6       7       9       4       8       3      10
      10       8      10       7      14       5       7       6       7      12
       8       1      13       6       8       8       5       8      10      14
      10      10       6      11      11       9      11      12       5      11
       3      10       5       7      10      10       5       5      10       4
      12       6       7       5       4      11       7       8      12      13
      10       8       8       9       7       9      11       9      11       8
      10       7       6       8      11       6      14       7      11       7
       7       3       4       4       9       3       8      15       9       6
       7      13      12       8      15       7      13       7       6       8
       7      10       9       4       6      10       7       8       5       7
       7      14       6      10      14       4       6       6       7       9
      11       8       5      11       4       7       6      12       6       8
      11       6       9       9      11      10       8       8      10       9
       7       7       6       5      10       9       6       5       8      11
       6       7       7       8       6      15       4       6       8       9
       9       9      11       8      13       9      13       7       8      15
      18      11       6       5       6      13      11       6       5      13
       7      10      11      10       9       3       4       7      12       9
      17      10       8       6      10      10       6      12       9       9
       6      11       5      13       6       6       7      10       4       8
       8       9       4       7       6       7       9       8       9       1
      12       5      11       5      10       7      10      13       8      12
       5      15       7      10       7       6       7       9       4       4
      10       9       5       9       7       5       7      10       7       6
      12       6      13      11       8       9       8       7      13      13
      10       7       7       8       8      15       9       9       3       7
       8      16      12       7      13       6      13       6       9       4
       8       4       9       7       7       7       6       6       8       7
       3      11       6       6       7      12      13      12      11      11
      10      11       9       7       6      10       6      13       6      12
       9       9       8       5      18       6      10       8       3       8
       8       9       4       9       4      14       6      13      12       5
      13       6       7      10       7       9      11       5      11       4
       5      12      11       4       2       6      11       5       8      13
      10       6      13       8      12      10      12       8      11      15
      11      13       8       5       8       8       7       8      15       8
      10       6      10      10      11       5      10       5      14       8
       5       8       8       8       8      10      15       6       9      14
      10       6      10       7       8       5       5       6       8      12
       9       3       8       6       8       3      11      13       9       6
       7       2      15       9       6       7       5       3       6       9
       7       7       8       6      15       7      12       9       8       8
      13       6       8       3       7      10      11       3      10      16
      11       9       8       8       6       8       7      10       7      15
       7       7       5       6      13      10      10       5       8      10
       2      12       5      11      10       2       8      13       8       6
       8       5       6      11      11       8      11       8      10       9
      12      13       8       9       4       6       7      10      10      14
      12       5      11      10       8       8       9      14       7       9
       7      12       7      10       3       7      11       8       5       9
      10       9       7       6      15      10      10      10       9       9
       5       9      12       6      10       9       9       2       8      13
       5      13       8       9       4       5      13       8       7      11
       6       9       8       8       9       9       5      10      16      11
       5      12       6      11      12       7      10      10       8       9
       7       7       4      12      14       9       9      11       9       6
      12       9       9      12       9       9      11       6       8      11
      14       9       8       7      11       5       9      10       7       9
       9       8       8       8       7      12       9       7       8       6
      12      10       6       9       5       3       5       9       7      10
       9       6       6       5      11      10      13      17       9       7
      13       8       6       4       7       3       8       6       7       4
      14       4       8       8       3       9      13      11      13      11
       8       8       9       8       7       9       8       7      14       5
      10       5      11      12       4       1      10      14       4       6
       6       8       6       7      12      14       7       7       7       8
       9       6       6       6       5       9       8       4      11       5
       6       9      13       9       8       6       9      10       8       6
       6       6      15       5      10      11      14      10       7      13
      11      11       6      10      12       9       7       9       4       6
      14      10      13      10       5      11      13       9       8       6
       8       7       8       8      14       8       6      10       9       5
       8      12       6       4      11       7       6       8      13       6
       8      13       6       9       8       9       7      11      12       9
      11       5       8      11       6       7       7       8       8       7
       7      15      11      11       8      10      10       5      11      12
       5       3       6      10      12      14       4       6      14       5
       8       7      10       5       4       5      10      10       9       3
      10      10      11       8       6      13       5      11       7       6
       8       8       7       9       6      11       8       8       8       9
       6       4       5       4      12      11      10       7       9       6
      10       9       9      10       9      13      14      15       8      13
       8       4       4       5      10       3      10       7      11      10
       8      13      13      10      10      10       9       8      17       9
       8      12       7       4      10       9       9       4      11       8
      12       8       9       5      12      15      13      12       9       8
       5      10       8       8      14       8       5      15       7       9
      12      11       6       6       9      10      10       6       6       5
       5       7      12       3       9       6       6      12       9      11
      11       6       6       6       7      10       4       5      10      14
       5       6       8       4      14      13       5       5       6       7
       3      11       9       4      12       8      13       9      10      11
       7      10       8       7      13       5      10      10       8      15
      10      11       4       8       9       9      11      11       9      10
       7      13      11       4       9       8       9       9       6      10
       8       5       6       8       8      13       9       4      12       5
       9       9      13      10      15      17       7       7       9       8
      11       4       8       7      10      18       8       7       3      10
       4       5      10       7       9      11      10      12       8       6
      11       3      11       6      10       9      11       8       8       5
       7       9      11       6       5      11       8       7      12       7
       8       8       8       8       4      11      12       9       8       9
       9       6      10      12       6       9       8       8       9       9
      10       8      11       6       9      10       8       7      11      12
       5      17       4      13       9       8       7       4      11       8
      13      10       9      14      13       4      10       3      11      13
       6       3      11       3       9       5       6       9      17       9
       5      16       5      13       5      10       8       7       5       2
      11       9       5      12       8      10       8       9       6      11
       7       9       5       5      10      12      10       5       9       9
       9       9       5       8       9      10      11       9       5       8
       6       6       6       8      10      10       6       6       8      10
       5      10       7       9      14      10       7      15      12       9
       5       6      11      14       6      10       7       5       6      11
       8      10      20       4      10       5      10      10      10       4
       7      11      10       6       7       6      11       8      11       8
       9      11       6      10       9       4       8       8       6       8
      12       6       9       4       5       7       6       5       9      12
      10       6      10       9       5      12      11      10       5       5
      10      10       6      10      11       9       4      10       7       2
       9       4       5      10       8       9       7      10      12       7
      11       5       9      11      11      12      11       5       8       9
      10       7      10       6      13       8      13       9       9      11
      12       4       7       7       6       7       5      10       7      11
       8       5       2       8       8       6       9       4      12      13
       8      14       7      10      14      11       8       7      11       6
      11       7       6       9       9      13       5       5       5       8
      13       7       9      12       4       8       4       8      11      13
      10       5       9      10      10       7       7      13       7       6
      10      10       7      12       6      13       6      11       9       6
      12       8       9      12      10      13      10       9      12       4
      12      10       6       7      11       6      12       4       8      11
       8       6       7       8       8       9       8       6      10       4
       9      11      11       2      10      10      18       7      10       9
      12      10       6       8       7      10       9       6       9       8
       7      11       5       9       7       8       4       7       9      11
       8      10      13      13       9       8       4       5       6       2
       8       5      10       5       7      10       7       9      11       8
       5       9      12       6      10       9       9      13      12       6
       6       4       4       8       5      11       9      10      13      11
       7       6      12       3       4      10      11       5       8       6
       5       8      13       7       4      10      11       8       2      10
      10       4       5       7       7       9      10       7       6       7
       9      10       8       2       9       6      10       7       5      16
       8       5      12       6       7      11      10       6       9       7
       7       5       9       6       7       8       6      10       8       7
       6      13       9      11       8      12       6      10      12      13
       6       9      14       4       9       7       9       7      10       7
       6       7       6       9       9      13       6      12       8      11
      11       7      11      12      12       6       7       8       8      10
      15       9      14       3       9       6       9       4       5       9
       5       7      10      13       6      14      11       4       6       7
       8      12      10       4      11       6       8      11       4       4
      10      12       8       8       5       7       8       7       5       9
       6       6       5       4       3       8      11       6      10      10
       8       7       8       4       5      14      13       8      11      10
      10      17       6       6       9       7       5      10      12      13
       7       6      12      10       4      11       7       4       8       4
      10       5       8       8      10      10      10      14       8       6
       6      13      13      13       9       6      10       4       5       4
       5      10       7       8      16      11       7       7       9       9
       8       8       6       4      12       6       7       4       2       9
       9      14      15       3       5       9       8       6      12      12
       6       8      12      11       7      14      11      10       3       6
       9      13       6       9       8       9       6      13      11       7
       7      13       6       5       4       7       9      11      10       6
       6       9       5      10      10       9       6       8      13       2
       2       9       3      10      13       9       7      14       7       7
      13      12       7      10       8      14       6       3      10      10
      11       6       8      12       5       8      12       7       8       7
      15       6       9      10       5      10      13       9       9       9
      10       9       8      10      10       9       8      11       2       8
      14       9       9      12      10      11      10       8      11      11
       3       9      14       9       8      11       5       7      11       9
      13      10       8       3       8       8       9      15       9      10
       8      13       9      10       7       9      10      11       2       6
       7       5       9      12       5       6      18       5       7       5
       7      16      10       6       9       8      12      11       8       7
       7       8       6       6       7       9       9       5       6       9
       8       6       7      11       9      12       5      14      13       7
      14       9      12       7       7       7      10      10       8       5
      12       5       8       9      10      14       6       9       9      12
       8      12       7       3       4      11      12       8       9      11
       8      12       7      10       8       5      10      11      12       8
      14       6      14       6      10       9      10       6       3      14
       9      14       4      11       7       8       6      10       5       9
      12      11      10       8       8       6       8      12       8       7
       6       5       4      11      11       5       8       7      11       9
       8      10       4       5       9      12       6      12      11       7
       8      14       6      11       7       4       7      12       9       5
       8       9      11      10      10       8      11      10       7       8
       4      14      11       5      12       5       9      11       8       7
      13      16       8      10       8       4       5       5       9       8
       4       6      16       2      12      12       4       7       9       7
       9      12      12       4       7      13      14      12      10       9
      10       6       8       7       4       5       9       8       9      12
       5      10       9       7      10       9       9       6       9       8
       7       6       8      11       9      10       9       6       6       6
      12       6       9       9       4       6       9       8      14       7
      11       5      12      11      12       9       4      13       8      14
      10      14      15      13       6       8       8       4       8       9
       8       6      11       8       6      10      11       8      13       6
       8      10      11       9       8       6      10       4      11      15
       4       7      13      11      10      11       8       4      11       5
       7       9       3       8       7       5      12      14       5      11
       6      10       7       3       9       7       7       8       9       7
      10      10       5       9       1       6       9       8       5       7
      10      15       4       8      17       5       6      13       8       1
       9       7      13       6       9       9       9       7       8       6
      10       6       9      11      13      12      11       8       7       8
       6       6      13      13      16       8      10       2      13      13
       7      12      14       9       6       7      14      10      14       8
       4      10       9       7      11      11       6       5       9      12
      12       6       8       9      12       9      11       6       6      10
       7      14       7       7       7      13       9       8       5       4
      12       9      10       8      12       8      13       7       4       9
       8       7      12      14       8       9       6      12      12       7
      12      14       3       9       7       6      10       7      11       6
      13      14       9       3      13       4      11      12       6      11
       7       7       5       9       7       7       7      10      14       9
      11       7       9       9       5       9      10       6       7       6
       7       7      11       6       7       9       9       5      10       7
       6      15      13       7      10       9      12      12       8       2
       5      14      10       8      10      10       9       6       9       8
       9      11      13       4       7       9      10       9       7       5
       5      11       8       7       7       6       4       9       9       6
       9       9      12      11       6       6       5       7       8       6
      12      13      10      12      12      13      12      10       7      11
      10       8       9       9       9       7      11      11       8       8
       4      12      14      12      10       8       8       5      11       9
      10      12       7       6       7       8       9      10       7       9
       6      10       7      13       4       6       7       9      10       8
       9       6       5       6       7      11       7       9       9       9
       9      11      12       6       8      12      13      11      10      14
       5      13      17       4       1       9       6       7       7      10
       6       9      10      12      11       7       5       5       4       9
       4       9      14       7       5       3       5       2      10      12
       9       3       7      11       8      10       8       9       8       9
       6      11      14      11      11       9      11      10       7       5
       7      14       6      10       9      13       7      10      10       9
      14       8       8       7      14      10       5       8      10       6
       6       9      11       5       7       8      10       7       6      11
       9       5       6       9      10       7       4       8       5       6
       6      10       8       6      11       9      13      13       6      12
       6       8       7       6       6       7      10       6       8      12
       9      10       9      10       9       7      11       3      13       6
       9       9      10      11      10       9       9       8       5       9
      13      11       8      10       7       9      13       6       7       5
       7      10       9       6       8      10      12       8       7       8
       7       8      15      11       6       9      12      14       6       9
       9       2       8       6       4      13      10      11       6       7
       7      12       6      10       8       5       8      11      10      11
      11       6       9       9       4       7      11       5      11       8
       3       6       7      11      12       8       8      10       5       8
       9       6      11       5       6       5      12      10       5       6
      11       5      12       9      13       9       8       5       7       8
       9       7       7       6       8       6       7       6      13      11
      13       7       9       4      12       9       6       8      11       9
       9       9       9      10      13       4      12       6       5      16
       6       6       7      19       6       9      10       9       4       3
      12      11       9       6      11       8      10       7       8       7
      11       9      10       5       7       8       9      14       6       6
       6      16       7      11       6       6       9       5      10       6
       5       9       5       6      12      13       8      13       5       4
       9       9      11       9       5       0       9      11      11       6
       9      11      10       8       4       7       8       4       9       9
       4       8       6       8      14      14      11      12       9       8
       6      10       3      11       6      12       4       6       8       7
      12      14      13      10      10      10      10       4       7      14
       3      12      14       6      12      13       8      11      11       5
       6      13      12      10       9      11      12      13      14       5
       8       8       4       8       7       8       9       3       3       9
       6      10      15       8      12       6       9      15       9      11
      12       9       7      10      11      11       5      11       8      11
       7      11       8       9       5       6       7       8      11       4
       5       9      10      10       6      10       3       4       6      15
       8       7      13       7      10      11       9       9      11      11
      10       5       8      10       9       7       8       5      10       8
       6      12       7       8      13      13      12       6       6       7
       8       6      12       7       9       7       8       5       8       7
       4       9       9       6      11      11       9      10       9       7
       9      14       6       8       9       9      10       5       9      13
       8      10       7      15       7      12       6       8       6       8
      11       9       7       1       7       7       8      10       7       7
      13       9       3       9      10      12      10       5      10       9
       9       6       8       3       6      12       4      10      12       9
       6       7       3       9       8      10      11       7       7       8
      12       6       8       7       4      11       6       6       7      12
      10       8       7       5       8       8       8       5      13       9
       7      14       6       9       8       5       9       7      10      11
       8      13       8       9       7       8       6       6      14      14
      13       8      12      11       6      13      11      10      12      13
      11       8      13       7       3       7       6      17       7       7
       8       4       5      10       8       5       9       5       9       8
       8       9       7      11      11       8       7       2       6       5
       7       5       7       6      10       9       8       9       5      10
       7       7       3       7      10       7       6       6       6      12
      11      10       8       9       9       4      11      17       7       5
       8       3       6      15      10       4       8       7       7       9
       6       5       6       4      12      13       7       4      12       7
       7       5       7      11       3       9       8       5       9       8
       4       7       8      13       4       9       5      16      18       9
       6      11       8       9      11       9      10      10      10       7
       9      10       9      12       8       7      12       8       8       8
      10       8       3       6      10       5       5      14       9       8
      18       9      12      12       7       8       7       7       7       9
      11      10       3       5      10       6       8       7      12       8
      10       3       5       9       9      13      10       8       4       7
       8       9      10       9       9       6      12      12       7      13
       5       9       4       9      10       8       6       9       6      11
      14       8      10      11       8       6       8       9       8       7
       8      10       2       8       9      10       9      10       3       9
       6       5       8       9       6       3       9       8       9       8
       5      10       5      11      13       7       7       9       8       4
      11       8      10       7       7      17       5       9      16       9
      10       7       4       6       5      13      10       6       8       2
      10       9       3       8      10      10       9      11      12       8
       6       7       9       9       9       8       8       9       9      11
       8      11      13       3      12       5       7       9       9       7
       4      10       9       9      12      10      11      13       7      10
       5      11       7       6       6       8      12       5       9      10
       8       7       6       5       8       6      10       5       3       8
       8       4       9       9       6       4       7       9       4       7
       7       7       5      12      10      13       7      11       9      15
       8      12      11      11       7       9      11       6       9       8
      10      13      10       7       8       6      13       9       4       6
      10      10       6       9       8       5      13       6       8       8
       8      12       5       6       8       7       8      12       7       9
       8       7      12       3       6       8      10       9       4       7
       7       9      10      12       9       6       5       8       8       8
      11       6      15       5       7       4      11       4       9      10
      12       6      11      11       7       7       5      10       7       8
      13      11       9       7       4      12      10      10       6      11
      11       9       5      10       8       9      12       5       8      11
       3      11      10      16      12       6       5       3       7       8
       6       9       9      11       8       6       8       9       6       9
      12       5       4       4      16       3       8       5       9      10
       3       2       7       9       8       5       5      12       5      10
       8       3       7       7       8       9       7      11       7      11
       8      11       9       9       2      14       5      12       5       9
      12       5       8      10       5       9       7      13      10       7
       6       8       6      14       6      10       6      11       9      11
       7      14       7       7       5      10      15      10       7       7
      13      11       6      10      11       4       6       4       9      11
       9       8       9       9       6      11       4       8      11       5
       9       6      10      13       9       7       5       4      10      11
       8       5       7       8      10      10      11       5       9       4
       5      10       6       7      12      11       4      11       7       8
      12       8       9       7       3       9      10      11       8      12
       4       8      11       5       3       5      13       5      10       3
       7       9       7       7      10       9       9       6      13      12
       9       8      12       5       5       8       4       8       1       6
       7       7       8       9       6       6      13      12       6       7
      10       5       8       7      10       5       7       5       4       9
       7       6       9       8       8       9      14      13       7       9
       7      10      10       5      14       7      11       9      10       8
      12       8      11       4       5      12      13       9       6      10
       5       7       3      10       5      16       9       8       6       3
       6       5       4       5      10       8      12      13       8      14
       7       7      10      11      15       5      18       9       8      10
       6       6      11       8      14       6       9       6       7       8
       9       4      11      12       8       7      12       4       9      14
       6       6      10       8       6      10       8       8       9       6
      10       8       4       8      11      10       8       5      18       2
       9       2       8       7       9      10       8      13       7       6
       5       7       9       7      10      12       5      15       8      12
       6       6      16      10      10       3       7       5       5       9
       7      10       5       6       8       4      10       9       7       7
       5       6      10       7       6      11      11       9      12       6
       7      11       3       7       9      11       9      12       3       7
      11      10      16       8       9      13       9       3       9       6
       6       2      11      10       9      12       8       4       9       6
       7       9      13       8       9       6       9       7      18       6
      10       3      10      11       6       6       7      11       9      11
      10      14      10       9       5       3       7       9      10       9
       5       9       7      10      10       4      10      13      14       8
       5       6       3       5       5      15      10       7       9       8
       6       5      12      11       4       7      10       7       7       7
      14       9      18       7      13       8       7      10       5       7
       3       8       8      11       4      11      12       5       7      13
      15      11       5      10      14      10       4      13       8       2
       9       6      13       6      11       4       7      11      11       8
      16      14       8       5      12       8       6       6       8       5
      10       9      12       9       5       8       7      11       4       6
      11      10       9       7       8       9      10       7       6       7
       9      11       8      11       9       7      13       7      10       5
      10       6       3      11       9       7       8      11       9       7
      13      10      16      10       4       5      10       3       8      10
       8       7       7      10       7      12       9       7       9       3
       7       5       4       6      12       6      10      12      11      15
       9       5      10      12      13       6       8       3       7      13
       9       5      14       6      13       3       6       5      10      13
       6       8      10      10      10       9      12       6       5      10
       4      11       5       4       5      10       8      14       7       9
       7      14      14      12       8       8      11       5       5      12
       6      16      14      10       6       5      16       7      12       7
      10      11      10       8       7       8      11       8       7       7
      15      12       6      12       6       8       6       4       7      13
      13      10      12      14      11      10      10       9       8       8
      12       9       4      15      13       7      15      13       7       8
      14       7       9       7      12      11       9       2       8      13
       9      10       9      11      10      11      11      11      10       8
       4       6       7       6       7      11       9       8      12       9
      10       8      17      11       3       8       5       7       4       8
       8      11       7      13       5       8      11       7       9       5
       8      10      11      12       8      11       7       4       9      13
       7       4       6       8       6       5       5      10      11       1
       6       6       7      12      20       8       4       8       8       7
       5      10       6       5      11       9       4       9      11      10
       6       6      10       4      12       8       6       6       3      12
       8       6       7       6       5      13      11       9      10      15
      10      11       7       6       8      12       3      10       5      10
       6      11       6       8       3       9       6       8       9       7
      10      15      10       6      13      12       9       6      10       7
       5       7       6      10      13       6       6      10       8       7
      10       7       5       7       8       6      11      11       8       6
      16       7      10       4      11       5       6       7       6      13
      11       8      12       6       9      11       7      12       8       5
       7       6       7       9       8      12      11      11       6       5
       8       7      13      10       8       8       6      14       9       7
       8      10      11       7       5       9      12       7       8       5
       6       7      10      10       5      13      12      13      11       9
       7       6       6      14      10       8      11       8       6      16
       9      10       9       8      13       9       7      11       7       7
      11       7       5       5      10      10       5       9      16       8
      15      15       9       8       8       7       7       7      13      12
      12       7       9       9       4       3       7       8       9       5
      13      11      12      16      10       9       8      10      13       8
      10       8       8       9       8      13      12      10       8       8
       7       9       9       7       9      14       8      16       9       7
       6       6       8       5      12       3       6       3      10       5
       1      10      14      10      10       9      13       9      10      10
       7       5       6      12       9       7       9      10      12      10
       7       4      12      10       5       5      12       4       5       8
       6       5      13      10      11      12       5      11       5       7
       5       5      11      18       5       9       6       7       8       9
      11       7      12       8       8      12       9      10      12      10
       9      10       6      14       8       8       6      10      11       9
       8       7       6      13       6       5       8       5       8       3
       8       3      11      11       7       4       6       9      10       6
       7       7       6       3       9       7      19       8       9       8
       9      11      16       6       9       9       4       5       6      14
       8      14       7       5      14      10      15       6       9      12
      12       7       9      12       4       9       6       8       7       8
       5      10       9       9      12      11       8       4       3       9
       7       7      11      12      10      13      11       8       7       6
      17      11       9       5       8       9       6       8      10       8
      10      11      10       7       7       7       6       9       7       7
      16      11       9      11       6      13       5       5      12      11
      10       9       5       3       4       7       4      12       9      16
      10       4       7       7       4      11       5       6       8       7
       6      15       5       8      14       9      10       9      11      12
       6      11       6       9       8       8      13       6      10       5
       6       9       5       7      10       4       5       7       8       7
      10      11       4      10      13       7       6       8      14      11
       8      11      13       6      10       8      12       7       5      12
       7      12       8      13       7       9       9       9       7       3
       7       6       7      10       9       4      14       7      11      10
      10       8       8       3       8       7      15       6       7      12
      10       8      10       7       9      13       9      11      13       7
       5       5      11       9      10       5       9      12       7       8
       8      13      10       5      12       5       5       7       8      13
       8       4       7      12       3      15       7      12       9       6
       9      12       9       7       7       6      14       6       7       2
       9       9       9       6      13       8      11      10       7       3
       9       7       4       6       9       8       6       6       5       5
      12       8      10      10      10       8       9       4       9       7
       5       6       9       9      13      10       6      12      13       5
       6       7       6       8       6       9      10      14      10       5
       4       8      12       8       6       8      12       8       9       6
       9      12       4       6      12       8      11       8       9      11
       8      10      11       4       3      13      10       8      13       8
       4       9       7      10       6       8       7      10      11       7
      12       3       6       8      11       9       4      12       7      10
      14       9      13       4       7       6       6      12       9      10
       7       7      12       7       8       4      10      11      11      11
      19       7       9      13      13      16       7       7      13      10
      11      12       8       9      11       8      11       6       7      11
      12       8       7       8       8      13       9       7       5       6
       8      11       5      10       9       7       8       7       4       7
       8       4      10       9       4       7       5       8       9       8
       7      13      15       4       8       7       3       5      10       8
       7      12       9      10       8       8       6       6       9       9
      10       7       6       3       4       9       9       8       8      14
       7       8       8      11       3      12      13      10       6      12
      10       8      15      14      12      10       5       9      11       5
       8       8       9       9      14       8      10       9       6       5
      12      10       5      11       7       4      10       9       5       9
      10       7       3       9       7       4       6      13       6      14
       5       8      12       6       8       7       7      13      10      10
       5       5       9      10       1      10      13       7       9      10
       5       5       6      11       9      10      11       7      10       7
       3       8      12      11       8       6      10      14       7       7
       9      11       4      12       7       8       9      10       9       5
       8      10       5      11      10       7       5       7       8       7
       7       8      10       8       8       8       4      10       3       7
       7       6      17       7       8       3       5       2       7       5
       8       8      12       6      10       4       6       2       6      11
       8       9       8      11       8      11       9       7      10      13
      12       6       5       8      14      11       6       9       7      12
       9      13      11       3      12       7       8      12       9      11
       8       6       7      14       7      11       8       5      11       6
       7       8      11       3       9      10       4      10       9       4
       5       6       6       9       7       5       4      16      12      10
      11       7       8       8       5       8       5       7      14       7
       8       5       8       8      10      13       9      10      13       8
       5      11       8       4       7       3      13       7       6       8
       8       5      10       6       7      10       9      13       9      16
       8      12       6       7       6       9       8       7      11       6
      11      10       8      11       9       4       9       9       7      10
       9      10       7      12      12       7       6      12      15       6
       7       3       6      10       9       8      12       9      12       5
       8       7       8       7       8       9       6      17       4       9
       7       8       4       8      10       6       9       8       4       8
       5       9      11       5      13       9      15       8      11       5
      11       8      15       9       4       6       6       6       6       7
      11       6      11       8       7       6      13      16       4       8
      15       4       5       7       4      13      12      11      10       5
      10       5       8      14       9       6      14       9       7      11
       7      10       5       5      10       5      13       8      12      10
       8       9       5       5      10      11       6       9      11      10
      10       7      10      10       8       4      16      12      10       8
       5       5       8       9      10       5       9       4      12       8
      14       7      11       8      11      11       6       6      10      11
       5       7       8       8       7       9       6       3      10      10
       6      12       6       8       8      10      10       7      12       9
       7      12       6       4       5       7      15       9      11      10
       9      13      11       7       5       8      13       9      13      10
      10       6       6      11      10      12       5       7       8       7
       5       5       7      11       9      14       3      11      11      13
       7       2       9       9       8       5       5       6       5       9
      11       7       7      10       7      20      11      10       6       5
      13       4       3       3       7       7       8      10       7      10
       4       7      11       6       9       6      10       7       9       8
       7       8       6       8       6       8       8       9      13      11
      10       7       1       8       9      10       9       8       6       8
       1       6      11      13       9       7      11       5       6       7
      10       8       7      10      13       4      13       6      11       6
       2      11       7       8       5       5       4      13       9      10
      13      14       8       9       8      14       9      12      12       9
      14      13       7       8      10       7      14       6      11      16
       6       9      11      12       7      11      12       7       9      10
      10      12       6       8       5      14      11      10       8       7
      11       8      10       6       5       9       5       7       7       9
       5       9       7       7       7      13       3       6      10       6
       8       7      13       3      13       6       6       9       8       7
      12      10       8       6       8       3       7       8       5      11
       8       6       9       9       9      10       9       6      14      14
       9       8       7       5      12       4      13       9      10       6
       6      11       8       5       5       8       7       4       5      14
      10       2      13      13       6       6      13       9      13       9
       6       3      12       8       8       4       9       5      14      14
      10       9      11       9       5      13       4       6      14       9
       6      10       8      12       7       8      14      10       7      10
       5      11       4       7       8       6       9       9       5       9
       5      11       9       9       5       5      13      12      10       8
       5      13       8      10       4      10      12       8      16      13
      12       4      10       8       8       9       6       7      10       9
       6      12      10       5       8       6       8      10       7      13
       9       9      13       8       9       9       8       4      13      11
       9       4       4      13       9      13       4      12       9      10
      11       5       7       7      10      15       7      12      12       9
       8       8       7       7      10       7       7       5      10      12
       8       4      10       9       9       7      10       7       2      10
      12       8       8      11       5      11      14       5      10       6
      12       5       1      14      14       8      11       8       9       6
       6       8       7      11      13       7      11      12      12       6
       4      12       8       9       7       9      12       6       2       6
       7       9       9       4       8       4      14       6       8      16
      10       8       5       8       5       5       6      11       5       7
       8       5      11       8       5      10       7       6      10       5
      10       5      10      11      12      10       8      11      14      13
      11      19       9      11       4       6      12       8       8      11
       6      16       4      12      11       7      11       6       5       8
      14      12      11       5       5       5      14       2      11       6
      10      11      11      10      12       6      14       9      10       6
      10      10      12      13       5       3       2      14       8      14
      11      10       6       8       2      14       5       5      15      10
       7       8       8       8       7      14       8       8       8       7
       4       7       9       7       7      10       7       2       7       5
      11       6       7      11      11      10       5      10      10       6
      19       2       8      10       7      10      12      11       7      14
       7       7      13      17       5       6       8       8      10       6
       9      11      13       7      10       6       9      14       9      14
       9      10      13       8       7       7       7      10      13       7
      14       3       7       8      14       4       7       6       8       8
       5       8       2       4       8       8       9       8       5       7
       8      12       7       7       4      12       7      12       9      10
       9       8       5       9      12      11      12       9       9       5
      17      19      11       6      11      11       8      12      13      11
      10       6       6      14       6      12       3       9       8      11
      14       7       8      12      14       5       5       5       4      10
       7       5      10       7       9      13      12       8       4       4
      10       7       6      12      14      11       7       8       3      10
      10      14       7       8       7      10       8       7       6       5
       7      11       8       8       4       5       4       8       7       7
      11       8       8       8       5       9       7       8      11      12
       4      13      10       6       9       6      10       8      10       4
       3      12      13       9      11      12      15       6       4       5
       9       6       4      11      14      12       8       5      11       7
      14       7       7      19       9      13       7       2       9       6
      10       5       7       4       7       7      10      13       9      10
       4       5       9       6       6      18      13       7       8      12
       7       5       1       9       7       6       5       4       6      10
       8       4       7       9       4       8       5      10       4       7
       6       5       4       6       6      10      11       8       9       8
      14      11       9      10      10       3       8      11      13       3
       6      14       9      12       6       6       9      13      10       5
      12       6      14      11      10       8       4      13       9       9
       9       6      11       8       7       8      10       8       8       9
      10      10      11       9       6       7       8       9       7       6
      10       8       7      10       6       8      10       6       6       5
       9       9      12       8      11       8       6       8       4       7
       8      10       5       6       4       5       8       7      13      14
       8       8       7      13       8       4       9       8      12       8
       9       9      11      11      12       5       2       7       6      12
       5       9       4      13      14       8       7      15       7       2
       3      13       7      16       3      13       9       5      10       6
      10       5       8      14       3       8      13       9       4      12
       4       9      12       7      12      10       5       9      14       7
      11      12       8       8       4       4      16       8       6      11
       9       8       7       7       4      12       6       6       7      12
       7       7       6       6      12       6       8       8       8      12
       6      14       1       8       7       9       8      16      11       5
       5       4       7       6       8       8       6      10      14      13
      16       9       8       5      12       6       6       8       9      10
       7      10       4      14       1       8       3      12      13       6
       5       9      13       4       9       8       8       9       3      10
       8       6       7       8       6       8       8       7       9      16
      12       8       5       5       6       8      12       7       4       5
       4       4       5       9      11       7      14       8       8      10
      11       8       8       9       7      10       9       5      10       6
      12       9       8       7       9       3       9       4       7       8
       8      14       8      11       9       6       5      10       4       3
       6       6      12      13       9       5      10       9       3       7
       9       8       6      12       8       9       5      10       4      12
      13       9       9      11      13       8       4       9      13      10
      10       7       5       6       2       9      10      14      12       8
      16      11      11      13      12      11       5       3       6       3
       5       8       6      13      11      12       8      12       3       7
       6       8       8      12      10       7       5      10      13      13
       7       6      10       4       7      10       6      11       7       6
      12       7      10       9      13       9      12       6       6       7
       4       8      11      10       4       8      11       7       7       5
      11       7      11      13      11      12       7       6      12       4
       8      13       9       5       4       7       6      13      10      10
      10       5       6      10       9       9       9       9       8       9
      12       5      13       8       9       8       9      10       4       7
      10       6       4       8       8       8      10      14       7       9
      12       9      11      14       5      11       6      11       6       4
       9       6      12      14      10      10      10       6      11       8
       6      10      10       6       9       7      12       4       7       8
      13       6       5       4       6       9       4      10       8      11
       7      15       9       7      11       8       7       7       6       7
       6      11       9      10       5       6      10       7      12       6
       7       5       9      10       6       8      13       7       6      13
       6       8       5       9       6       9      14       7       5       9
       4       2      15       5       7       7      13       9       9       6
       6       9       8       3      13       9       7       3       5      18
       3       4       5      11      11      10       8      11      11       8
       5       4       8       6       7       8      10       6       8       8
       3       6       5      12       5       9       6       8      12      15
      13       8       4      10       6      10      11      10      11       8
      12       5      13      11      10       8       8       9      11       8
       8      11       2      10       7      10       5      12       2       6
      11       7       5       6       9      11       9       6      14      13
       8       8      10       9       7       7       7       7      14       5
       8      16      12       7       8       6       5      13       7       7
      10       6       6       4       7       9      10      10       9       5
      12      12      11      14      12       5       9       8       5      12
      10       9       6      10       7      12       7       7      11       8
       9       6      11       9      12      10       7      17       9      12
       4       6       7      11       7       4       8       9       7       9
       5      10      19      12       8      11      10      13      10      15
       6      10      13      13       8       7       9       7       7      10
       7       5       8       9      10       5      10      15      12       6
       7       9       6       5       5       6       8       8       9      12
       6       8       6      15       8       8      16       9       7       7
       9       9       3      11       4       5       9      15       7      10
       7      10      16      10       5      11       7       9       4       3
       8       5      10      11      12       7       6       8       7      10
       6       8      11      11       8       8       8      11       7      13
       6      13       3       8       8       7       7      12      13      13
       8      11       8      10       7       9      12       7      11       8
      11      12       6       5       8       7       2       6       6      13
      11       8       5       6      12       6      12       6       6      10
       5       7      12       8       7      12       6      12      11      13
       6       7       9       6       8      14       5       9      10       7
      15       9       6      13      15       9      10       9      12       5
       9      10       5      10       7       9      14      10       9       5
       8      12       8      13       4      13      11       9      10      10
      12       8      13       7       9       8       7      13      12       7
      14       9       4      10      10       4       4      12       4       8
      12       7      10       2       9      10      10      10      10       8
       8       8       5       8      13       5       8       7      14      10
      10      10       4       5       5       5       6       8      11      10
      10      10       4      11       5      12      12      16      10       6
      12      14      12       6       6      10       8       4       7       8
       8       6       9       9       6       8      11       8      10      11
       6       9      11       7       7      11       9       4      11      10
       7       9      12      10       6       7      11       9       5       9
       9      12       7       8      12       9      12      14       7       9
       4      16       7       6       9      10      10       9       9      12
       9      11      12      10       5       8      14       3      11      10
      12       8      12       3      15       7       6       9      11      10

