00001 Untitled 03:05:40.16 21-NOV-23
      29      31      32      23      27      25      33      34      28      23
      25      30      15      36      29      21      29      20      28      28
      22      24      19      17      24      28      31      39      35      21
      23      26      16      22      23      34      23      18      28      34
      25      20      24      19      26      30      18      28      20      26
      20      27      25      19      27      30      31      35      18      28
      30      23      31      29      24      21      24      32      27      24
      22      23      19      21      33      26      33      21      22      29
      27      22      32      26      25      22      21      22      28      19
      18      27      22      34      32      29      27      31      20      25
      32      29      22      34      23      29      28      21      27      27
      29      23      29      19      27      21      29      21      26      25
      30      34      33      19      23      23      25      15      31      26
      16      30      27      21      25      31      33      37      29      26
      31      25      29      21      20      26      26      31      30      24
      27      22      24      21      27      26      27      18      20      23
      29      26      34      26      29      29      34      25      27      29
      15      29      29      22      24      27      20      30      32      34
      25      22      44      28      20      21      21      27      26      35
      18      24      19      27      14      34      19      32      26      29
      21      29      31      23      25      23      25      19      28      20
      28      29      14      23      25      23      20      22      30      29
      27      25      22      28      29      24      31      23      26      25
      32      31      24      29      29      22      18      25      19      31
      29      31      29      29      24      27      26      18      33      21
      34      29      22      38      33      27      33      33      28      24
      25      18      20      26      20      32      23      23      26      28
      18      21      19      18      26      21      24      21      23      24
      18      41      22      25      30      27      21      20      30      23
      27      21      26      35      22      25      31      26      23      34
      30      22      24      27      28      25      30      27      19      21
      20      22      25      24      23      21      32      33      24      23
      24      26      24      31      19      22      24      35      23      23
      16      32      33      27      36      21      27      19      23      22
      23      35      26      22      30      23      26      20      22      16
      29      29      26      15      20      26      34      29      28      17
      23      17      22      28      34      28      25      26      21      25
      15      23      17      21      20      21      31      24      30      26
      18      20      23      21      31      29      20      22      28      27
      26      21      25      24      25      26      23      26      27      19
      27      32      33      28      26      18      35      26      24      34
      27      18      18      28      33      30      21      20      28      28
      32      38      29      28      27      20      22      35      26      24
      27      32      15      31      25      28      29      25      27      20
      27      21      30      22      29      29      19      25      17      28
      26      27      20      21      24      29      26      35      32      35
      34      34      25      23      27      23      30      27      27      25
      31      21      26      19      25      25      18      19      22      21
      24      19      25      24      31      35      25      24      25      26
      21      15      29      26      28      16      23      24      16      26
      29      18      20      25      27      23      23      22      24      34
      20      24      31      16      27      37      30      26      25      24
      23      27      23      20      30      31      20      25      30      21
      21      23      24      27      20      22      32      28      25      25
      33      26      25      28      22      29      19      22      26      24
      24      25      26      33      34      23      38      31      22      20
      22      28      24      37      22      21      26      29      20      23
      36      33      28      24      18      23      23      19      23      39
      34      28      15      27      17      30      20      27      30      25
      24      23      28      29      24      23      27      26      26      31
      32      23      27      33      15      22      26      32      27      31
      28      21      20      27      28      30      24      25      32      23
      19      23      24      25      26      31      28      28      23      26
      29      27      20      20      33      24      22      28      37      26
      26      22      16      25      17      25      28      32      25      29
      34      22      24      29      24      22      27      28      23      29
      27      19      22      27      21      25      30      17      31      28
      32      26      19      22      24      26      25      26      17      34
      18      28      36      23      38      28      25      25      22      24
      25      34      23      18      17      22      30      22      27      24
      25      18      28      20      13      27      32      23      18      28
      32      24      22      31      29      25      27      30      24      31
      21      27      22      14      21      22      32      30      23      25
      19      19      24      30      26      21      25      35      26      29
      24      25      19      27      33      37      21      31      24      24
      17      28      25      28      13      30      19      32      27      17
      30      27      19      30      21      30      20      22      26      19
      21      25      27      24      23      23      24      24      23      27
      27      29      31      30      19      27      35      23      38      22
      26      29      22      31      30      28      23      25      25      25
      24      33      32      30      31      21      24      19      33      27
      23      27      24      23      23      23      26      38      21      20
      28      19      32      32      25      28      27      30      24      27
      29      21      19      26      20      29      19      22      25      26
      19      33      15      28      31      22      24      28      27      29
      23      19      26      22      24      28      26      32      28      22
      29      23      35      23      26      25      17      35      18      27
      27      20      23      27      21      21      34      34      26      16
      23      22      25      25      28      31      30      19      25      23
      34      29      27      24      20      27      20      31      38      33
      27      25      21      17      20      25      24      22      26      33
      30      26      27      26      34      29      25      27      22      32
      24      22      23      18      31      20      28      27      32      19
      29      26      25      27      23      24      30      21      24      19
      30      30      27      26      23      22      25      26      38      26
      25      17      16      29      29      22      26      37      16      27
      31      36      16      20      24      22      22      22      23      32
      28      29      25      28      25      26      28      21      19      20
      16      29      30      21      23      35      25      27      25      34
      23      21      20      18      22      19      26      25      19      21
      30      21      24      20      21      26      27      19      16      31
      24      27      28      25      39      28      21      30      27      27
      21      22      40      29      35      34      20      20      26      18
      18      24      18      25      38      20      30      27      25      29
      27      29      24      21      15      27      24      35      25      27
      17      24      25      28      22      26      24      32      25      22
      23      28      42      21      31      19      21      22      22      21
      25      31      21      28      37      27      29      25      26      32
      19      23      14      35      20      25      33      24      27      27
      23      27      22      27      22      26      21      19      27      24
      16      19      20      25      20      34      29      24      28      30
      15      25      26      26      21      18      28      26      18      26
      29      30      25      36      28      30      27      26      26      28
      25      19      22      23      22      39      24      25      21      23
      24      33      27      40      31      20      31      23      24      24
      29      23      22      21      22      20      22      25      18      20
      24      30      23      28      35      27      21      31      21      34
      29      22      33      21      27      26      24      24      29      29
      25      27      30      19      27      22      23      25      28      20
      25      27      21      26      40      26      20      28      23      31
      24      27      29      24      23      30      33      24      19      30
      24      20      19      18      22      37      17      33      25      22
      19      29      32      28      26      24      29      28      32      24
      25      24      21      15      26      25      26      27      31      20
      26      20      29      15      28      26      23      26      22      28
      10      27      24      19      29      29      26      24      25      22
      33      24      28      23      19      21      12      28      27      29
      20      18      25      27      22      27      13      34      16      25
      30      27      24      29      37      23      21      34      18      30
      24      26      25      27      16      26      18      24      28      21
      19      29      24      18      34      21      26      26      25      35
      35      25      24      29      17      32      30      29      27      32
      17      28      26      31      29      37      30      34      45      35
      44      45      64      66      67      95      78     122     130     155
     180     227     273     316     358     501     565     703     822     875
    1094    1291    1510    1772    2060    2426    2896    3278    3757    4405
    4996    5777    6642    7705    8671    9690   11278   12657   14325   15976
   18018   20234   22121   24766   27464   30433   33738   36648   40634   44382
   48427   51809   56527   61324   66101   71846   76626   81858   87634   93585
   99222  104471  110786  117228  122617  128467  134667  140971  147242  152493
  159105  164741  169523  174261  179764  184792  188489  192276  196743  199473
  202289  205331  207515  210110  211427  213200  213982  214502  214058  214715
  214791  214026  212815  211824  209648  208277  206688  204071  201696  199168
  195973  193645  190781  187234  183760  179690  177957  174513  170999  168296
  163655  160401  156249  153376  149695  146126  143394  139856  135949  132973
  130235  126752  124393  120711  117808  115470  112425  109406  106537  104232
  101601   99120   96206   94249   91577   89456   87325   84545   82449   80697
   78730   76548   75028   72871   71575   69414   67868   65925   64446   62706
   60866   59404   58266   57105   55515   54176   52428   51096   49773   48768
   47669   46043   44832   44491   43044   41869   40872   40170   38835   38034
   36981   36114   35401   34402   33718   32758   31981   31019   30470   29712
   28664   28305   27141   26675   25948   25455   24655   24382   23586   23090
   22257   21941   21732   20679   20509   19925   19286   19053   18456   17676
   17751   17171   16482   16360   15971   15775   15132   14846   14470   13927
   13785   13392   13153   12772   12360   12288   11688   11486   11232   11053
   10736   10518   10342    9972    9878    9405    9235    8968    8748    8635
    8419    8125    8069    7675    7564    7391    7181    7202    6960    6591
    6690    6288    6117    6079    5967    5929    5680    5437    5472    5227
    5130    5172    4932    4946    4576    4527    4569    4416    4344    4117
    4110    3917    3816    3687    3642    3591    3599    3509    3317    3272
    3258    3208    3049    2952    2921    2832    2719    2643    2578    2603
    2497    2524    2405    2357    2292    2202    2233    2148    2036    1960
    2010    2013    1888    1829    1860    1780    1673    1681    1612    1561
    1515    1559    1494    1469    1365    1320    1344    1289    1288    1253
    1269    1211    1176    1142    1100    1071    1070    1019     982     987
     979     982     901     926     860     830     854     831     807     772
     832     746     727     691     692     652     666     647     625     622
     617     564     568     539     537     521     511     494     524     515
     489     458     482     462     448     436     394     399     385     355
     384     418     368     348     364     354     350     316     331     294
     291     320     279     297     273     298     269     305     238     246
     241     233     227     230     214     209     230     242     194     162
     203     207     183     197     195     206     198     180     181     172
     175     141     161     158     146     157     118     146     138     131
     127     126     112     136     130     124     128     127     108     116
     115     122     101     101     113      99      93     102     103      91
     102      88     100     103      80      70      92      72      73      84
      73      76      77      83      67      73      53      64      72      78
      68      61      61      53      64      65      63      59      79      46
      57      54      50      64      59      64      53      51      54      60
      62      56      51      47      42      33      45      50      51      52
      51      35      56      34      51      41      38      56      45      43
      37      29      45      36      34      29      43      42      35      34
      35      41      33      43      30      37      38      34      36      33
      23      41      37      39      30      37      38      24      40      22
      40      45      44      34      36      39      36      27      33      32
      25      28      29      35      44      51      26      28      23      38
      29      37      17      40      26      20      29      27      31      30
      25      22      19      16      34      23      23      29      25      28
      30      19      33      25      26      30      27      28      19      36
      20      22      34      23      26      19      22      25      23      34
      20      26      16      29      26      26      21      34      30      30
      17      27      33      31      20      22      29      25      18      27
      30      38      25      26      24      28      31      24      25      26
      27      30      24      23      31      26      23      21      30      25
      27      24      39      20      22      27      27      28      27      24
      25      24      35      19      27      33      26      28      29      28
      26      25      31      23      33      33      34      25      33      30
      20      30      31      25      17      24      35      21      20      22
      22      18      27      20      17      28      24      30      19      31
      29      23      33      30      19      28      27      29      27      17
      34      28      16      19      24      27      30      26      24      27
      27      26      29      34      19      36      24      27      29      34
      34      29      23      23      34      25      26      23      34      28
      31      25      34      24      34      26      27      24      16      25
      21      20      24      28      22      21      27      31      27      22
      22      18      22      23      24      26      30      27      21      16
      25      28      30      22      30      24      33      22      27      27
      18      22      27      25      19      31      34      20      18      22
      17      26      25      30      26      20      29      22      19      23
      25      27      34      25      31      23      23      35      31      25
      29      22      23      20      28      19      25      24      29      33
      17      19      29      19      33      22      23      28      29      33
      23      22      27      31      21      22      22      27      38      28
      25      20      23      29      20      35      27      24      27      26
      19      23      15      28      28      25      26      25      26      26
      31      23      27      34      37      19      25      25      27      25
      16      20      27      19      19      15      27      23      28      27
      22      21      29      34      26      30      30      17      22      28
      24      22      23      35      37      24      24      24      25      23
      20      24      33      22      26      18      33      39      23      27
      29      29      18      26      26      38      20      30      21      13
      23      31      26      24      27      25      17      28      24      24
      35      37      27      32      27      21      22      19      28      20
      26      23      27      20      23      27      29      20      27      29
      31      34      26      23      30      29      20      23      22      25
      31      20      31      31      26      21      33      19      28      22
      24      15      25      38      31      35      24      24      31      28
      19      23      30      26      24      22      18      28      25      35
      18      31      15      27      23      21      33      22      23      21
      25      30      26      26      22      23      24      27      29      24
      28      26      30      24      29      25      26      21      24      29
      18      32      27      22      23      23      20      27      21      27
      21      29      22      23      27      31      42      20      25      24
      18      25      19      27      24      19      24      21      30      28
      26      17      23      33      26      26      30      35      23      22
      38      23      25      29      24      23      21      33      27      27
      21      23      23      28      17      30      25      31      28      21
      16      26      30      29      25      26      25      23      31      25
      33      23      23      20      21      26      32      23      37      31
      19      25      28      16      20      24      17      18      23      23
      25      24      25      26      24      27      26      30      18      23
      22      26      29      24      30      21      24      24      21      19
      30      32      25      26      23      29      19      22      28      28
      40      21      17      22      36      27      29      19      25      25
      27      17      27      22      30      23      21      37      20      24
      27      24      27      26      20      28      29      16      22      27
      27      20      22      21      33      32      32      23      27      30
      30      24      22      31      23      31      22      27      15      24
      27      21      27      28      22      27      31      19      25      24
      33      26      31      22      18      20      17      33      30      25
      39      26      21      27      28      23      23      39      18      28
      23      39      24      23      26      24      25      23      22      29
      24      29      20      27      22      29      23      24      24      25
      25      33      20      30      28      21      22      23      25      32
      29      25      19      31      20      25      25      26      25      24
      21      32      30      20      23      27      32      21      19      16
      35      23      25      15      25      35      29      23      29      26
      23      32      21      35      26      26      27      38      20      26
      29      23      37      20      21      13      33      27      27      27
      21      21      23      23      17      20      29      19      23      21
      18      22      26      25      22      30      29      21      24      29
      20      17      14      28      33      19      29      29      28      23
      24      35      19      19      19      26      30      24      30      27
      20      28      30      27      29      18      15      33      28      29
      21      27      18      29      23      22      23      26      30      30
      14      24      21      22      30      31      27      25      26      33
      23      29      26      33      31      23      23      24      27      23
      23      13      29      29      29      31      22      25      20      15
      27      30      28      20      19      21      28      35      31      31
      22      30      25      27      28      34      35      26      28      24
      30      22      37      25      20      27      28      35      32      30
      21      16      29      24      38      35      26      26      29      24
      20      21      26      32      28      34      28      24      30      29
      20      28      28      26      26      30      15      32      24      25
      26      31      23      40      25      23      25      24      22      25
      15      28      31      30      31      27      36      30      28      31
      21      38      20      26      35      20      25      27      18      18
      24      25      29      33      37      25      33      25      15      31
      29      26      24      26      33      17      23      11      24      27
      24      31      33      28      23      30      32      21      29      23
      27      24      24      36      29      15      25      30      30      35
      22      30      24      22      32      22      18      27      20      18
      23      13      20      22      24      22      27      23      26      29
      28      21      23      26      25      33      26      25      21      21
      20      20      28      23      22      21      27      22      30      31
      26      26      33      37      24      23      28      28      26      27
      30      22      27      26      35      26      27      35      27      26
      31      15      32      18      30      26      30      32      17      19
      26      35      25      22      20      32      24      36      20      23
      27      38      26      29      29      30      32      25      26      28
      17      29      18      25      19      29      29      35      27      18
      20      23      30      27      24      32      22      26      27      26
      28      22      24      21      26      30      35      28      27      28
      23      28      24      27      20      26      20      22      28      31
      30      17      23      29      32      24      19      26      40      28
      20      34      25      20      27      29      21      27      25      25
      25      16      21      20      18      20      16      29      25      17
      21      22      27      29      23      25      28      24      28      27
      29      24      24      24      23      25      29      21      24      24
      18      23      24      29      32      24      16      26      20      21
      27      17      36      22      24      32      22      29      34      18
      24      26      23      21      22      22      28      32      20      20
      20      18      24      14      27      18      29      31      24      24
      22      27      27      27      33      32      25      33      19      27
      23      35      30      29      22      36      29      31      21      21
      22      18      19      26      27      25      22      18      22      37
      20      29      24      37      22      28      32      21      34      25
      28      24      16      33      23      32      28      33      24      27
      26      24      29      18      24      24      27      23      35      16
      27      21      22      26      22      28      25      26      18      34
      20      30      23      31      25      23      32      25      22      30
      25      27      26      30      28      30      31      24      25      26
      30      19      27      30      23      29      32      34      24      28
      21      24      24      29      18      24      23      23      21      29
      25      29      25      20      35      27      23      21      33      31
      18      31      28      33      15      24      16      27      22      29
      27      26      29      25      26      32      26      36      19      31
      29      25      34      23      23      18      25      30      21      20
      22      32      36      29      24      25      32      23      31      27
      30      19      29      26      33      37      26      28      21      25
      20      30      26      25      17      28      22      21      25      22
      22      33      27      33      26      24      25      26      26      27
      27      27      18      18      21      22      27      25      30      28
      30      24      28      21      30      21      20      21      21      33
      34      25      19      23      24      25      25      27      24      19
      29      19      24      24      20      26      30      27      20      28
      29      22      25      30      33      31      25      24      24      21
      20      21      23      33      28      23      30      26      27      16
      25      20      26      30      26      32      30      21      26      25
      27      19      16      30      16      20      21      25      24      19
      23      20      18      38      25      17      26      23      32      25
      23      31      21      30      37      21      28      36      28      30
      11      24      24      25      28      23      28      29      26      27
      25      24      23      23      25      24      18      22      23      27
      31      25      21      20      20      19      33      21      31      17
      21      25      26      22      36      30      19      26      28      25
      29      29      22      29      20      23      22      19      23      29
      21      30      22      22      25      28      24      23      29      26
      16      28      24      36      27      24      22      13      26      25
      20      27      21      31      16      24      21      24      21      24
      24      22      21      25      20      23      22      21      18      27
      27      21      24      30      30      28      23      30      24      26
      27      33      24      27      23      27      21      23      23      26
      17      24      15      25      31      27      29      26      29      19
      28      23      25      31      25      18      24      23      27      31
      28      16      24      24      26      22      23      24      21      33
      23      31      32      21      23      36      30      29      24      31
      29      18      23      32      20      34      20      25      21      29
      27      20      31      26      32      27      30      20      22      23
      24      27      19      28      25      33      27      23      18      23
      25      26      33      28      23      23      29      25      28      35
      25      17      23      29      23      21      35      27      29      33
      24      26      27      31      25      31      22      32      26      36
      21      21      19      24      30      32      42      28      24      15
      16      27      32      25      27      27      24      20      30      33
      20      25      29      35      29      22      29      28      31      18
      29      26      33      26      27      22      32      27      29      26
      22      29      29      23      32      23      27      24      33      19
      35      22      19      29      20      17      26      25      36      29
      20      19      22      25      25      26      20      18      20      20
      19      28      21      19      24      32      24      19      20      23
      23      25      28      33      24      19      38      23      36      24
      28      28      24      28      26      27      30      26      32      27
      28      16      27      21      22      22      27      23      26      29
      35      27      21      35      27      17      26      19      19      27
      26      26      13      23      23      26      24      18      25      23
      32      25      26      24      23      24      24      25      32      25
      26      35      18      29      27      25      30      29      25      32
      20      31      26      18      28      30      30      30      25      27
      27      26      31      23      17      19      24      26      21      29
      24      25      23      32      25      29      28      23      17      20
      20      19      30      29      17      24      21      34      26      19
      26      30      36      25      20      33      20      23      30      18
      42      33      34      21      20      30      28      20      31      20
      29      22      24      28      29      39      28      33      30      25
      30      17      29      24      26      27      37      26      27      20
      28      28      25      26      20      31      24      26      19      25
      23      22      21      29      25      17      20      24      24      35
      26      19      24      23      25      21      29      16      33      22
      29      22      22      31      27      25      24      25      26      27
      26      34      25      23      19      29      28      16      24      29
      29      28      29      34      19      21      25      18      22      22
      18      25      28      20      25      30      24      18      24      29
      26      18      23      27      26      25      26      22      32      24
      20      19      23      39      30      21      16      25      33      34
      28      27      20      24      20      22      26      26      28      24
      23      34      29      23      26      24      27      27      22      25
      21      31      35      30      24      22      27      39      23      21
      31      24      32      30      27      34      26      25      35      24
      25      31      20      24      29      32      21      23      23      26
      29      26      30      23      23      28      22      23      27      31
      27      16      27      26      20      26      30      32      25      19
      31      30      26      22      32      22      29      27      25      19
      33      27      20      30      28      24      38      21      23      25
      27      30      20      30      27      28      28      29      25      31
      31      36      25      22      26      30      21      21      18      26
      23      26      23      25      26      36      32      32      28      36
      23      18      16      24      25      32      26      19      26      20
      11      32      31      26      18      28      22      21      26      36
      28      29      33      27      29      24      29      24      35      33
      27      40      26      25      30      31      25      31      28      25
      35      24      19      28      17      21      21      33      28      19
      21      25      25      36      29      18      28      26      20      35
      38      24      25      26      21      25      24      24      15      32
      20      25      28      19      28      26      32      28      28      36
      32      22      28      24      29      21      22      17      25      24
      19      28      39      24      29      19      37      14      15      24
      13      25      28      29      27      35      30      23      24      19
      17      29      25      21      35      26      33      26      21      28
      26      23      28      32      29      23      19      19      21      27
      21      24      25      21      33      29      28      28      30      26
      32      26      17      32      23      29      28      25      28      27
      23      14      23      25      22      26      30      25      31      27
      31      26      27      15      27      24      32      18      20      35
      41      32      25      21      18      23      35      32      23      32
      29      38      26      27      36      27      27      24      28      29
      24      27      32      36      32      17      21      19      24      13
      27      27      18      33      21      28      25      27      27      28
      23      31      23      20      18      16      23      38      23      20
      34      21      37      14      29      24      21      29      31      21
      35      33      26      29      30      20      21      32      24      26
      28      28      26      24      28      32      25      26      23      24
      20      21      34      24      26      27      24      29      30      22
      29      14      29      28      28      23      32      14      29      26
      22      28      27      21      23      29      21      30      21      24
      30      24      25      34      20      31      23      30      35      23
      22      21      28      28      20      18      24      25      28      29
      30      29      23      23      26      31      29      21      37      33
      19      19      24      30      20      32      31      30      18      23
      26      25      16      23      26      20      28      26      25      25
      35      18      27      27      25      30      26      23      28      24
      21      23      27      24      27      26      18      27      30      35
      26      24      14      25      24      21      21      29      29      23
      22      28      25      20      24      19      30      34      31      26
      14      36      28      26      25      31      32      30      23      30
      17      22      21      21      19      17      25      26      28      24
      34      29      23      24      22      15      27      28      22      29
      29      27      24      24      16      28      22      30      23      30
      25      26      24      31      20      24      28      29      29      28
      28      25      22      25      20      26      24      22      26      26
      21      25      27      30      29      29      21      22      23      20
      22      27      29      26      23      24      34      33      29      23
      25      18      27      30      23      31      25      24      29      23
      25      25      42      17      21      23      27      13      28      37
      30      26      27      23      27      27      25      19      23      28
      21      37      24      27      16      22      21      19      32      34
      31      32      29      30      22      21      32      18      24      23
      24      28      22      29      22      21      34      26      26      31
      19      27      26      22      23      24      24      21      22      34
      25      27      25      23      16      25      31      31      23      21
      21      30      28      30      27      19      26      26      27      35
      26      32      27      22      31      31      25      19      27      25
      26      24      17      25      24      24      35      16      32      27
      24      27      30      19      28      20      17      27      26      26
      29      15      20      29      30      28      28      19      27      30
      22      26      23      22      25      31      23      22      24      28
      20      28      32      27      26      23      17      22      26      25
      28      24      37      26      28      27      23      30      38      23
      36      27      26      27      26      32      29      21      31      16
      35      21      16      32      32      20      22      23      31      20
      25      28      25      23      19      27      24      24      22      34
      35      28      21      27      16      19      24      20      18      23
      28      31      34      23      24      19      29      26      26      32
      30      30      25      22      20      30      32      24      27      30
      20      36      28      20      21      25      28      35      24      34
      26      22      24      28      19      30      24      36      25      20
      20      23      36      27      30      23      26      21      12      24
      27      28      20      25      26      21      22      24      25      22
      25      25      38      28      24      20      22      25      22      23
      32      22      21      28      18      33      28      28      28      25
      25      30      24      29      28      30      25      25      29      37
      31      24      21      21      38      22      29      34      24      18
      25      25      30      29      22      27      36      28      28      27
      28      27      18      26      27      21      26      26      19      28
      23      23      20      23      26      30      21      26      35      39
      25      20      24      27      27      24      26      28      18      22
      15      15      34      24      23      23      26      23      28      31
      18      28      27      19      25      25      30      18      24      16
      22      28      19      17      30      25      21      26      22      31
      20      30      26      22      19      27      31      24      23      19
      22      29      24      31      35      32      29      24      27      21
      26      30      24      30      23      26      37      20      18      25
      20      28      21      14      20      23      29      23      23      25
      13      22      24      28      25      27      20      24      23      25
      33      30      28      38      27      30      20      31      25      26
      28      26      18      25      26      19      29      33      24      21
      24      25      17      24      35      23      27      30      25      31
      32      33      27      28      20      28      24      21      35      30
      33      24      23      25      20      29      19      22      24      30
      26      27      31      37      24      18      24      20      18      13
      28      31      28      31      18      16      24      19      23      16
      32      26      28      26      22      29      23      29      21      22
      16      24      31      32      22      28      24      37      29      23
      19      24      20      24      24      26      25      31      25      34
      27      29      26      13      27      31      21      18      15      31
      23      25      20      29      30      30      24      25      27      28
      30      25      24      21      29      31      15      27      24      23
      36      23      23      23      19      18      30      34      27      23
      29      30      33      19      29      26      30      29      26      30
      30      25      21      24      29      23      36      21      18      28
      15      21      29      29      21      30      26      30      21      35
      27      29      26      34      29      32      25      22      20      22
      21      31      23      29      28      22      16      21      24      34
      23      25      25      30      31      28      16      37      28      25
      22      29      22      23      24      19      24      27      32      25
      29      26      24      25      29      27      31      26      19      21
      24      32      22      18      21      22      25      32      29      33
      36      25      16      23      23      35      26      35      30      32
      24      28      38      28      32      35      21      20      23      26
      20      19      29      28      25      26      24      22      21      15
      27      33      16      27      18      26      22      26      16      20
      33      30      18      24      23      19      28      24      39      20
      34      29      25      28      29      20      29      24      27      23
      24      21      23      26      23      31      26      24      25      25
      29      26      26      19      32      27      25      24      23      33
      18      34      18      26      29      29      20      30      21      30
      25      28      28      21      25      26      26      24      31      27
      22      26      29      26      21      31      33      20      18      16
      26      25      20      35      23      25      32      23      23      31
      34      21      22      27      26      21      29      21      29      18
      26      25      24      21      22      27      26      24      25      19
      32      23      30      24      22      18      20      20      29      16
      28      27      26      29      25      31      33      28      18      29
      27      23      26      22      17      31      28      23      30      20
      23      25      32      30      34      26      28      26      19      24
      25      28      30      24      23      25      22      26      25      32
      30      34      23      22      29      23      31      25      19      28
      19      25      29      37      20      30      15      26      24      30
      20      21      24      25      23      24      16      18      22      25
      18      26      25      27      29      17      23      22      31      22
      25      27      26      18      37      25      39      42      35      26
      22      30      15      31      24      30      22      33      20      32
      22      17      26      29      26      23      18      23      29      23
      31      28      30      31      20      16      18      24      18      24
      24      29      23      23      22      13      23      28      32      25
      20      24      28      13      25      26      30      18      32      27
      28      27      26      27      25      29      26      20      21      24
      26      28      25      27      22      28      24      31      31      33
      20      31      23      21      30      21      18      44      16      21
      31      20      21      22      32      23      26      39      27      31
      20      21      28      34      21      26      25      14      25      29
      21      25      27      35      20      28      23      38      25      18
      23      24      23      28      19      33      20      22      23      22
      35      24      25      27      29      27      30      20      25      29
      32      30      35      22      27      30      24      18      27      20
      31      27      29      22      23      18      20      17      32      25
      23      26      30      18      21      33      28      22      37      23
      25      27      24      35      32      30      25      23      29      24
      23      22      19      26      26      24      19      17      27      30
      32      21      37      35      32      30      32      22      29      23
      13      23      27      32      16      25      22      20      22      28
      33      31      29      27      27      31      26      38      27      26
      23      31      26      23      33      31      23      27      24      20
      30      13      21      26      28      19      23      18      17      41
      18      21      29      22      25      20      21      23      20      33
      29      25      22      19      25      26      20      28      21      21
      20      27      26      30      22      31      26      20      33      23
      22      26      28      28      27      29      22      36      26      33
      30      32      29      24      33      22      31      24      29      16
      27      22      22      22      24      21      16      23      34      28
      30      28      28      26      31      24      20      24      26      30
      24      26      38      26      17      23      28      29      26      22
      26      27      22      18      22      25      28      22      22      25
      29      23      22      28      34      26      26      24      32      26
      24      24      24      26      22      41      33      28      27      24
      19      24      35      15      28      22      21      19      25      24
      28      19      20      15      23      26      33      24      34      25
      25      22      28      31      27      23      14      16      30      25
      27      20      25      22      22      19      19      31      21      31
      31      18      28      25      25      26      17      23      27      23
      36      27      25      21      22      23      19      28      27      26
      27      24      16      34      23      16      19      23      28      36
      23      30      21      26      21      22      31      30      25      27
      34      21      22      17      19      27      24      22      20      23
      27      21      26      27      30      25      24      27      32      24
      25      24      32      21      26      22      20      25      19      34
      31      22      17      23      19      20      27      30      24      28
      21      26      22      24      23      24      22      30      31      26
      34      25      19      27      23      18      41      24      18      23
      26      18      32      29      28      32      29      22      27      29
      26      27      26      25      37      21      24      28      26      31
      32      21      30      29      23      25      29      22      28      30
      17      27      33      19      19      29      21      27      28      27
      30      21      31      27      29      25      29      21      13      27
      18      12      30      24      30      33      29      22      18      27
      27      38      29      33      28      33      29      23      29      25
      20      29      23      30      21      29      26      29      25      19
      32      19      25      30      23      20      18      28      25      18
      18      23      36      31      28      23      28      26      28      24
      20      30      25      31      29      21      36      30      26      32
      22      21      25      29      22      20      29      18      27      23
      32      27      27      23      20      22      19      22      29      33
      20      25      21      21      35      28      22      19      30      34
      28      19      38      26      21      24      20      29      21      30
      42      25      28      26      30      26      28      25      30      28
      17      34      23      24      30      21      28      27      30      31
      25      25      20      20      23      26      23      31      21      25
      25      19      26      22      21      19      23      20      19      28
      30      38      27      22      24      19      28      27      24      29
      19      27      22      26      25      21      24      28      27      17
      37      20      19      24      23      21      33      26      24      20
      25      24      26      18      24      22      23      19      28      30
      26      30      24      22      22      24      36      27      24      26
      29      27      31      29      24      34      26      36      25      27
      19      30      31      25      29      20      27      36      26      31
      25      34      28      29      18      33      32      17      27      31
      32      21      38      23      21      31      31      29      26      35
      37      26      22      34      26      32      28      16      33      26
      27      36      22      31      25      29      28      24      24      25
      27      28      22      19      29      21      32      26      29      22
      20      19      27      27      25      24      31      28      24      25
      28      19      30      32      32      24      26      29      25      21
      24      28      17      39      23      30      17      25      18      28
      28      27      26      29      29      20      26      18      32      19
      27      37      35      26      42      19      39      23      26      26
      34      29      33      30      23      21      23      18      25      24
      23      26      24      28      28      26      22      24      29      23
      27      27      23      25      26      24      23      27      25      22
      24      35      22      33      28      21      25      27      25      32
      30      25      22      21      22      27      17      20      25      28
      22      26      17      32      38      14      28      23      30      29
      26      24      22      21      19      21      23      24      23      28
      27      22      25      20      23      25      22      25      17      28
      23      25      21      29      25      23      27      28      33      26
      29      29      26      26      26      28      21      37      27      29
      26      21      22      24      33      16      18      20      21      24
      26      21      22      18      27      38      21      22      31      21
      24      22      19      33      28      27      30      29      27      20
      21      24      30      25      27      24      35      16      31      26
      23      31      26      30      29      32      17      22      31      29
      29      14      23      27      21      27      32      26      24      23
      20      28      25      34      25      21      27      17      31      30
      22      27      25      29      27      26      28      30      34      37
      29      25      19      18      34      22      24      29      28      28
      25      30      21      24      28      22      35      20      27      15
      27      31      27      24      17      33      37      31      16      29
      22      21      25      24      28      23      29      21      21      31
      24      41      27      25      20      27      26      22      25      34
      27      26      20      34      21      38      27      33      29      30
      26      21      21      24      20      33      30      28      43      28
      35      29      24      31      25      22      27      31      18      32
      22      19      36      21      29      24      21      22      24      18
      23      20      22      17      22      31      26      21      34      23
      25      26      31      16      25      23      29      30      30      28
      32      29      24      30      20      30      20      28      19      34
      33      30      34      32      19      31      27      26      22      25
      26      22      32      15      25      32      18      31      21      26
      28      28      23      31      31      29      31      26      28      20
      28      29      25      29      23      14      29      34      26      34
      29      37      23      35      34      27      25      27      36      23
      21      23      26      19      24      31      29      29      22      37
      17      23      27      21      13      30      19      23      27      16
      30      30      26      29      17      24      24      19      22      30
      25      27      24      31      23      24      19      22      31      27
      31      30      26      31      30      31      23      20      18      30
      25      25      28      28      17      23      28      15      24      20
      25      17      28      22      20      27      27      21      33      27
      23      22      30      23      21      31      19      29      29      25
      34      23      27      22      24      30      19      19      28      32
      31      21      28      24      19      25      23      26      31      25
      29      22      23      25      28      30      24      22      19      18
      22      30      25      16      33      26      26      28      28      26
      22      27      21      26      32      24      30      18      29      32
      25      26      27      22      27      22      21      28      23      28
      31      30      27      29      20      25      28      15      25      31
      29      18      20      21      21      32      20      31      25      25
      14      23      29      21      21      20      24      27      20      22
      24      31      25      21      28      28      28      22      22      24
      27      25      19      34      25      33      22      29      26      22
      26      23      37      25      28      20      27      20      23      26
      28      26      30      27      33      21      28      19      27      24
      23      21      23      29      17      36      23      24      16      17
      25      23      21      24      28      17      28      23      12      26
      28      23      23      30      23      32      22      25      15      25
      20      28      33      27      41      23      35      36      20      22
      18      36      32      21      23      19      32      24      27      25
      30      23      28      32      20      26      31      28      34      34
      22      23      21      21      22      23      28      30      22      26
      23      21      31      26      32      21      22      25      34      21
      23      26      26      30      28      35      22      26      24      29
      31      28      26      23      36      24      29      32      25      31
      20      29      27      19      24      21      23      26      20      23
      31      26      26      31      19      33      29      32      25      17
      22      27      26      31      24      32      28      27      15      28
      23      25      28      26      30      25      15      30      21      23
      30      31      28      23      24      29      23      25      24      20
      26      29      29      27      27      33      17      24      21      20
      18      24      25      23      25      26      19      31      27      35
      35      29      30      24      28      28      24      21      25      19
      21      33      23      23      32      25      28      31      30      24
      28      25      20      27      28      27      22      27      24      20
      29      32      21      17      29      33      23      27      27      33
      20      29      19      17      26      29      32      17      27      28
      32      26      22      37      25      30      24      19      30      27
      29      30      19      30      17      31      24      31      30      26
      26      25      25      30      31      21      20      22      23      33
      21      28      34      23      26      30      25      31      31      28
      26      25      22      28      16      34      23      26      15      24
      30      32      29      29      12      31      22      25      31      28
      28      26      23      25      29      28      32      19      28      26
      25      32      24      32      26      27      27      29      25      22
      27      29      18      26      18      19      27      28      25      18
      22      32      17      24      29      25      28      27      29      25
      20      23      20      32      26      31      23      20      34      29
      26      22      18      27      16      16      26      30      19      27
      29      19      28      24      29      28      30      32      24      18
      16      29      25      28      30      25      23      24      20      23
      27      29      27      26      27      29      27      30      19      38
      21      21      25      23      23      24      26      27      26      24
      22      12      26      29      34      25      25      26      31      28
      34      29      17      14      17      29      20      21      22      29
      26      24      25      23      28      17      21      36      33      36
      18      36      15      19      29      26      29      23      21      27
      25      25      28      25      21      18      29      29      21      17
      31      31      24      21      27      20      28      25      26      26
      27      16      21      27      25      33      27      25      32      32
      23      20      32      26      32      19      25      32      30      28
      22      22      18      17      17      34      26      23      30      25
      26      28      26      26      24      25      26      24      27      20
      27      32      27      36      27      23      27      26      30      37
      24      17      22      21      23      18      28      26      32      31
      28      24      30      33      23      29      23      21      33      25
      22      32      19      26      39      26      24      24      15      25
      25      32      19      30      27      20      25      26      19      19
      23      24      31      29      32      26      26      24      37      29
      31      29      26      16      27      22      24      20      30      29
      30      29      31      26      31      23      26      27      28      33
      28      32      28      28      31      25      33      17      31      23
      19      24      20      27      23      29      14      25      24      23
      27      25      26      25      25      23      33      14      29      20
      33      29      33      26      26      35      22      22      28      20
      26      24      28      33      25      31      40      31      27      25
      24      30      30      27      32      18      25      31      19      30
      21      24      27      18      21      25      19      21      25      28
      22      27      17      21      21      22      25      22      28      32
      34      25      27      20      23      29      25      25      25      20
      30      30      25      31      28      30      34      26      19      33
      27      19      28      19      23      24      36      22      31      23
      26      18      35      23      25      19      33      28      20      26
      20      25      20      35      18      32      24      25      28      22
      19      20      31      23      23      20      27      39      23      27
      27      27      25      15      27      26      23      27      31      23
      36      25      27      16      23      22      24      31      24      28
      21      18      20      27      30      27      29      35      18      23
      27      25      28      22      30      28      29      28      24      29
      24      27      24      16      26      28      19      27      33      25
      27      25      23      24      24      23      32      25      31      28
      26      25      27      17      24      32      30      24      26      25
      24      22      16      28      24      25      23      29      24      25
      21      24      19      20      30      26      18      21      22      22
      18      34      21      31      13      23      26      22      25      23
      24      19      14      36      19      19      36      33      19      21
      22      24      26      33      31      24      26      29      22      23
      31      24      24      19      32      33      25      29      27      35
      28      26      28      25      29      26      19      32      31      22
      27      36      27      21      21      25      28      28      23      23
      30      27      25      32      30      23      31      23      16      15
      28      20      28      16      23      34      28      31      36      29
      31      21      23      24      19      24      20      30      36      30
      28      30      23      26      33      33      20      26      24      16
      30      20      24      25      28      37      40      38      23      25
      23      27      25      18      26      22      36      30      26      28
      23      23      24      24      23      27      25      34      25      17
      25      25      34      15      23      17      28      28      21      23
      37      24      27      24      26      24      18      15      20      25
      20      25      14      26      28      25      26      21      27      22
      27      29      28      22      19      20      41      26      24      28
      34      36      31      29      26      18      23      27      19      26
      21      31      19      18      26      23      19      23      24      28
      28      26      25      26      25      19      39      30      33      26
      30      29      19      19      29      30      17      29      25      23
      14      28      28      26      37      28      28      28      20      21
      29      27      23      24      27      28      27      21      28      31
      31      30      21      19      24      23      35      23      25      25
      31      26      17      27      29      20      23      28      25      24
      33      32      32      24      33      31      18      25      24      34
      26      20      26      19      33      32      35      30      37      37
      28      31      35      23      24      21      34      24      26      37
      26      26      31      18      24      22      24      31      28      27
      29      25      18      26      24      23      31      28      19      31
      21      30      31      26      29      33      28      29      21      23
      28      28      31      29      22      19      20      25      19      19
      40      23      15      25      33      22      26      31      25      23
      24      23      24      23      22      20      29      18      22      25
      27      24      30      29      21      29      23      20      28      21
      20      24      24      31      20      30      34      33      22      31
      26      24      20      19      17      39      21      28      24      18
      18      30      22      20      26      28      22      34      30      22
      33      25      25      25      24      13      27      32      29      24
      23      32      24      28      24      25      21      36      33      33
      24      28      25      27      26      27      16      29      31      25
      29      18      21      33      21      20      26      17      24      37
      27      22      33      15      22      22      23      26      24      24
      34      20      21      30      26      23      28      34      18      33
      38      30      25      21      28      30      25      19      26      22
      27      28      40      24      29      33      24      25      29      17
      23      20      28      27      22      27      23      35      31      18
      18      22      24      29      16      24      37      20      21      25
      30      25      24      28      24      24      27      20      35      25
      30      33      19      31      24      18      17      17      26      33
      14      25      23      24      23      25      31      32      27      30
      20      23      23      16      35      22      24      20      27      29
      20      23      27      21      26      22      21      26      26      33
      22      31      25      33      25      23      29      15      20      25
      32      30      28      32      27      25      29      17      25      24
      34      31      32      21      22      21      22      27      24      21
      32      27      18      21      24      25      29      37      25      30
      28      32      34      26      19      24      25      25      22      35
      21      20      18      17      30      22      20      34      31      20
      40      29      20      26      31      19      21      25      21      18
      21      30      24      19      22      31      20      22      26      22
      22      25      27      24      20      23      29      22      24      29
      33      27      15      29      20      17      31      27      23      24
      21      25      21      21      19      18      26      24      29      28
      24      26      26      38      31      31      15      25      25      26
      27      18      23      20      35      20      22      30      24      25
      32      17      24      25      25      25      19      20      29      31
      24      34      30      23      22      19      30      24      22      25
      25      21      29      26      23      21      16      18      27      26
      22      27      28      19      23      24      28      30      37      23
      18      27      19      30      25      23      26      25      24      21
      21      31      26      23      27      29      23      21      30      34
      22      22      28      30      19      24      19      24      27      15
      30      27      22      26      27      27      22      19      28      21
      26      17      18      31      23      21      27      21      30      22
      16      27      34      27      24      25      30      25      24      20
      20      20      21      33      31      24      24      20      23      22
      26      23      17      16      24      26      26      16      17      20
      13      22      24      27      18      27      26      15      30      21
      27      26      24      19      20      34      23      15      23      22
      26      25      23      24      30      20      23      22      27      28
      20      25      26      31      23      27      23      18      20      25
      19      25      23      24      26      28      20      19      28      25
      12      15      24      27      29      22      22      25      26      22
      25      28      29      27      25      20      18      31      31      32
      27      22      18      25      22      25      32      18      25      25
      25      25      28      24      24      22      18      21      28      19
      13      31      17      30      25      36      32      32      30      25
      23      28      32      26      25      20      30      17      20      26
      28      19      24      28      31      21      27      15      25      22
      28      22      30      36      23      24      23      29      26      28
      21      31      28      24      31      28      26      33      28      26
      27      26      28      29      19      19      27      22      30      28
      23      35      25      29      20      22      30      29      17      19
      22      26      38      20      21      26      14      21      19      18
      24      14      16      34      31      17      15      30      21      28
      25      18      27      26      25      25      25      26      33      29
      33      26      22      40      33      29      18      40      29      27
      27      35      34      15      21      26      15      31      24      18
      17      29      23      23      27      36      31      24      27      35
      28      26      19      21      31      40      23      24      24      29
      23      19      25      22      23      13      20      19      26      15
      22      20      22      32      22      24      27      26      31      29
      26      32      26      32      21      33      23      23      21      20
      31      26      25      27      28      32      34      31      26      32
      21      22      17      26      28      28      31      20      29      30
      20      27      16      28      32      31      30      21      25      21
      32      27      23      19      30      27      18      28      22      21
      18      30      24      25      25      31      20      21      24      36
      25      22      38      34      23      27      28      25      25      23
      26      23      19      38      33      21      25      27      24      28
      24      20      25      20      23      19      27      27      27      26
      30      26      22      18      19      28      25      29      18      27
      28      29      22      27      27      24      35      35      22      21
      38      21      30      26      27      19      22      19      22      25
      19      31      31      32      30      23      21      21      31      17
      27      24      21      23      14      27      20      23      33      22
      24      24      29      31      31      27      26      35      22      34
      20      22      27      23      22      31      30      31      36      28
      23      24      28      27      24      27      16      31      19      31
      19      27      27      21      28      40      29      21      23      31
      34      26      17      17      26      33      25      18      21      30
      26      26      22      30      23      27      16      23      21      27
      23      24      29      24      34      23      23      23      24      27
      29      21      23      20      31      34      30      29      33      24
      19      33      25      23      17      30      27      19      24      32
      24      20      32      33      22      27      28      18      27      21
      25      20      25      21      26      28      24      35      31      22
      32      26      21      37      20      20      34      24      26      27
      25      20      24      36      27      29      23      27      24      20
      23      21      24      16      24      29      20      29      28      33
      28      20      31      18      35      28      25      25      27      31
      33      26      30      24      25      25      24      24      16      25
      20      27      23      29      27      28      30      25      26      18
      25      23      16      23      27      34      26      26      23      25
      19      28      24      26      22      16      36      24      20      19
      25      33      24      24      22      33      20      31      29      26
      27      26      20      28      37      26      29      27      29      16
      30      26      27      26      17      32      30      24      17      37
      16      35      28      30      25      24      21      24      32      23
      28      14      22      37      30      26      24      24      18      20
      22      28      18      26      26      28      25      23      26      36
      22      24      27      18      24      31      38      23      27      21
      33      17      26      25      25      38      27      25      20      29
      30      21      25      31      30      20      19      33      21      20
      28      30      22      16      28      18      27      20      29      24
      10      29      31      22      20      27      28      18      22      16
      23      28      31      22      20      23      23      23      30      25
      29      26      26      25      23      23      30      32      39      37
      21      26      22      25      19      26      33      32      18      32
      32      28      26      34      23      38      23      26      19      26
      31      22      22      30      28      21      17      18      24      15
      29      24      24      26      23      23      23      19      25      25
      30      20      25      23      18      26      23      30      25      26
      22      32      32      21      13      25      31      29      14      17
      35      25      23      21      33      33      13      32      22      27
      32      26      27      27      25      22      23      25      24      30
      20      21      29      26      26      26      28      30      25      25
      26      31      28      19      23      24      28      23      19      20
      24      16      27      25      25      30      23      29      26      19
      27      27      18      19      18      16      23      26      32      29
      34      21      30      23      18      33      34      24      23      18
      26      23      26      23      23      29      30      29      26      18
      19      27      19      27      18      19      19      27      17      40
      34      30      26      26      29      32      21      25      29      28
      32      28      21      25      19      24      24      35      22      34
      23      29      26      20      23      34      25      22      28      26
      22      41      35      24      22      30      28      24      32      24
      24      18      22      18      21      24      31      22      18      29
      33      23      20      31      32      31      26      34      24      20
      20      23      22      27      29      25      22      22      30      21
      23      23      27      29      22      25      21      18      27      32
      22      30      15      28      25      27      23      26      21      24
      25      30      32      29      18      24      24      27      24      10
      28      32      23      27      24      29      28      31      38      29
      24      35      24      21      21      17      26      23      26      28
      26      22      17      34      31      38      33      29      30      29
      18      19      19      36      14      21      24      27      22      30
      30      32      29      34      31      22      28      25      29      27
      29      21      21      30      27      27      20      30      24      25
      18      16      20      21      28      20      28      24      28      15
      23      26      16      20      17      28      23      24      29      22
      32      26      27      27      22      33      32      22      38      29
      30      23      18      42      21      20      31      22      25      22
      27      20      32      21      16      27      31      22      20      23
      32      31      24      24      22      22      30      28      28      31
      19      17      17      32      26      39      25      22      27      23
      32      27      23      25      31      22      18      30      20      26
      20      30      24      29      26      25      31      26      19      18
      23      19      25      23      28      26      15      20      25      23
      24      18      28      28      26      27      24      29      15      32
      25      41      23      40      23      27      29      15      31      28
      33      27      18      25      35      23      30      17      27      23
      29      35      18      26      18      22      29      34      17      27
      20      30      30      17      26      26      21      25      22      20
      25      24      17      22      23      20      29      30      28      32
      20      18      24      23      28      25      23      24      26      20
      16      33      16      17      23      27      26      22      28      27
      18      22      28      20      33      26      30      26      24      15
      31      33      29      32      22      23      33      38      28      27
      34      24      39      26      27      22      21      29      21      20
      22      28      12      25      24      23      10      27      27      20
      30      23      26      25      34      29      20      32      28      29
      22      18      26      31      24      21      27      22      32      22
      25      23      27      33      30      18      37      25      31      24
      26      18      24      28      26      20      28      28      30      19
      20      29      31      25      30      30      22      26      24      23
      24      16      24      24      30      24      32      21      29      19
      21      20      27      26      24      26      20      24      26      19
      18      20      30      24      24      23      40      28      20      28
      24      19      29      21      27      36      26      31      26      27
      29      22      27      19      31      25      28      30      29      31
      28      20      30      28      19      20      22      19      22      29
      30      26      26      24      18      34      24      13      24      21
      28      29      27      24      27      28      35      22      25      25
      33      32      24      19      27      30      35      25      19      20
      26      19      27      25      28      26      26      28      18      15
      20      35      21      30      27      15      22      34      27      23
      33      23      20      25      31      25      21      26      25      28
      25      19      28      22      27      35      23      24      23      24
      21      31      27      35      34      28      31      20      37      21
      27      34      22      29      21      28      31      21      23      30
      28      23      36      30      24      34      20      25      17      36
      24      32      28      34      26      25      24      30      23      14
      21      32      20      25      24      28      16      32      21      24
      23      17      28      23      20      23      19      21      24      19
      26      13      27      18      15      19      29      30      19      25
      31      23      17      22      22      30      15      32      25      27
      30      25      41      32      28      28      29      24      24      31
      35      23      20      26      24      21      29      18      27      23
      25      23      22      13      30      23      29      27      19      24
      19      21      24      14      16      29      20      25      17      30
      33      24      29      24      31      28      19      34      20      26
      22      29      24      26      26      32      22      24      29      19
      21      16      25      29      31      24      21      25      21      32
      21      30      26      24      16      27      20      23      23      34
      24      29      26      28      27      25      21      23      37      32
      22      32      16      29      26      29      25      33      24      23
      34      22      26      20      20      19      27      23      31      27
      24      31      19      19      33      22      32      21      26      25
      22      30      30      21      30      20      24      19      30      26
      19      20      23      13      25      24      23      23      16      24
      32      22      28      22      23      35      32      26      24      29
      18      23      26      26      22      27      32      20      20      26
      28      28      33      27      24      14      31      18      23      23
      34      22      27      33      28      25      21      21      26      24
      30      24      34      20      23      34      20      23      31      26
      27      27      27      27      24      28      37      25      26      23
      31      26      37      25      30      34      19      26      27      29

