00001 Untitled 11:41:35.79 31-OCT-23
       8       8      11      11      10       5       5       8       5       9
       8       8       8       9       8       8      10       9       6      16
       8       9       5       5      10       6       9       5       6       7
      11      12       6       7      10       7       6      10      12       5
       7       9       8       9       4       7      10       8      13      10
       8       8      12       9      15       7      12      11       8       8
       9       9       9       7       8       5      12      15      12      13
      11       6       7      10       4       5       7       6      10       6
      11       7      13       7       8       6      12       9       8      10
       5       7       6      11      11       6       8       9       6       7
       9      12       8      10      11      11      10       6       8       7
       6       4       7       6       9       9       9      14       4       9
      15       7       5      10       9       5       7       4       9       4
      12       9       7       9       7       8       5      11       6      11
      12       8       4      12       8       5       6      15      13       6
       8       6       8       8      13      12       8       3       9       6
       7       4      10      10      10       5      12       9       3       6
      12       9       9       7      11       9       9       7      11       9
       8       4       8       9       9       7      10       8      13       8
      11      12       6      10       8       3       5      18      13       6
       9       5       4       9       7       5      11       8       5       7
      10       9      13       8       5      11       5       8       8       8
      12       8       9       9      12      11      11      12      16       8
       7       7      10       4      12      14      10       4       9       7
      11      11      17       9      10      15       6      11       9      12
       7       8       9       9       9       8      13      10      11       6
       5       4       9       7      10      11      11       6      11      10
       6      13       8       6       4       9       8       3       5       8
      17       9       9      13      16      16       7      10      11      10
       8      11       7      10      14       5      11       6       7       9
      11       9      11      15       9       5       6       8      16       4
       7       6       7      12       6       7      10       7       7       4
      12       6       3       6       7       4      13       8       5       5
       7       9       6       5       7       9      11       6      11      10
      12       6      12      11      13       8       7       8      11      10
       7       3       6       7      10       1       7       9       5       9
      10       7       5      13      11      10       5       6      15       3
       9       6       9      10      13       7       7      11       4       8
       8       5      10      14       5       7      10      11       6       4
       3       5       7      12       9      12       5       7       8      12
       8      14      11      11      10       5       9       9       8       7
      16      13       9       4       7      11      10      11       6      13
       6       5       6       7       7      13      10       6       8       8
       6       8      15       6       8      11      11       7      14       9
       9       6       8       9       5      11       6       5      12       5
       9       6       9       6       7       8       8      11       6       6
      10      13       6       4       6       8       9      10       8       8
      12       9      14      11       7       2       8      10      10       6
       7       3       6       2       8       6      12      10      16       6
       9       9       5       6      13       5      13       8      15       9
       8       7       7      13       6      11       7      10       5       7
       9       5       8       5       7      11      13       8      11       9
       8       9      18       4      11      10      10      17      10      12
      12      13       9       8       8       7      11       8       6       7
       9       6       4       8       7       5      13       9      13       7
       4       6       7      10       6       6       6       9       8      10
      12      11      10      11      11       6       7       7       8      10
       7       6       8       6       8      13       7       5       5      13
       4      10       5       6      11      17      16       3      14       7
      11      10       8       9       6      10       8      10       7       6
       6       7       9      10       7      10       8      11      12       5
       3       7       6      11       5       7      14       5      13      10
       5       6      11       9       7       6      12      15       9      13
       7       7       8      16      11       7      15      15       5      10
       9      10       7       9       8      10       6       6       9      12
       6      10       6       7      14      13      12      14       2       8
      15       9      11      12       7       8       7       6       5      13
       7       9       8       6       9       9       8       7       6       8
       4       8      10      11       7      11      11       8       9      11
       8      10       7       7       6       6       5       7      12       6
       9       5       5       7       6       7       9       7       8      10
       9       6      14       9       4       9      15      10      10       5
      15       6       7       6      11      10       8      11       8       5
       5      12       7      12      16       4       7      10       8       9
      12      12      11      14      10       5       8       9      12       7
       4       7       6       4      16      11       8       5       9       6
       5      10       6       8       6      11       8      12       5       8
       7       9      12       6      10      12       8       9      11       8
       4       7      12       4       9      11       8       6       8       5
       8      13       6      11       8       8       7       4      13       4
      11       5       8      11       6      10      11       8       7      14
       4       8       8       8       6      13       8       3       7       8
       8       9       5       6       6      10       5      12      11      11
       9       3      12      11       5      11      12       5      10      12
       9       7      12       4      10       5       6       9       7      11
       6       7       6       7       4       7       9       8      13      10
      15      10       7      11       6       8      10      11      11       8
       6       5       5       6      11       9       7       9       6       7
       6       5       7       9      12       9       5       3       1      12
       8       6       4       6      10       4       8       7       4       8
       6       7      12      11       8       3       5       9      14       6
       9       9       8       9       4      10      12       9       6       3
       6      10       3       5      11       9      11       3       7      12
       7       8       8       9      12      12       7       7       8       8
       5      10       6       5       9       7       1       7       7      14
      14       9       7      10      11      10       7       5      17       7
      11      14       6       9       9       3      11       6       9       9
       9      16      11       7       9       4      10      10       7       6
      12       7       8       6      10      12      11       8       9       6
       9       1       9       5       9       4       6       6      10      11
      11       2       5      12       7      12       7      14       7      12
       9       9       3       6      12      10      10      14       9       7
       8      11      11       5       6       4       6       8       4       8
       8       6       9       6      10      13       8       8       8       6
       8       9       8       9       8       8       4      10      13       7
       9       9       6       8       7      10      10       9       6       6
      12       7       9      13       8       4       8      10       6       8
      11       6      11      11       9       8       9       9      11       9
       7      12      11      12       7       6       7       5       6       8
      11       7      11       4      10      10       8       9      11       4
       7       8       6       4       9      14      11       6       6      10
       6      11       5      11      11       6       7       6       7      11
      10      12       5       9       7       8       7       8       6       8
       9       8      10       3       7       4       9       7      13       7
      14      10      18       5      11       6      10      12       7       7
       5       8       6       7      11      12       9       9       5      10
       8       5       8      11      10      10       7       8      13       5
       6      10      12      14       8       9      14       9       6       8
       7      10       7       7      12       7      13       7       7      12
       9       7      11       8      10       3      11      15       5       8
      10      11      20       9      13       9       7       6       8      11
      13       7       9       4      11       8      10      14      11       4
       9       2       5      16       8       4       5      10       8       7
       9       8       7       9      11       5      13       9      14       9
       9       5      11       8       8       5      10      10       7      10
       9       9       9       6      10       8       5      11       8       3
      11      12      13       8       5       7       4       6      13       8
       5       6       5       6      12       6      10       7       8      11
       8      13       7       3       8       8      12       5       8       9
       6       6       6       8      10      10       7       8       9       6
       6       4      12       8      12       6      10       5       7      15
       4      10      13       6       7       6      10       7       7       7
      14       9      15       9      10      12      16      10      23      24
      16      22      32      30      31      43      51      52      59      65
      67      91     126     133     162     189     186     237     295     338
     371     440     541     571     670     744     904    1065    1226    1375
    1537    1717    1980    2255    2617    2865    3290    3647    4114    4568
    5047    5586    6336    6829    7607    8530    9313   10209   11351   12274
   13438   14649   15739   16799   18762   19924   21397   23055   24509   26226
   27955   29449   31409   33155   34326   36646   38329   40465   41798   44085
   45511   46875   48887   50467   51686   53815   54823   55622   57130   58446
   59374   60329   61386   61785   62693   63147   63233   63475   63698   64234
   64286   64266   64131   63197   63455   62883   62323   62450   61233   61429
   60490   59901   59233   58609   58427   56960   56009   55243   54244   53343
   52209   52118   50782   49823   48971   47963   47402   46166   45257   44499
   43853   43241   41987   41391   40632   39684   38773   38250   36975   36430
   35474   35138   34519   33609   33138   32249   31766   31135   30478   29710
   29313   28422   28151   27199   26848   26053   25591   25154   24447   24263
   23608   23137   22447   22073   21677   21167   20986   20398   20214   19765
   19115   18578   18411   18072   17640   17046   17025   16661   16420   16046
   15488   15429   14917   14506   14178   14232   13703   13513   13127   12696
   12555   12354   12004   12138   11463   11682   10944   10853   10584   10435
   10280   10026    9907    9803    9451    9377    9095    8904    8721    8561
    8461    8193    8006    7782    7648    7294    7322    7258    7158    7032
    6701    6567    6428    6387    6265    5970    6008    5986    5768    5527
    5532    5385    5256    5310    5030    5108    4793    4793    4747    4504
    4487    4364    4328    4157    4169    4086    3991    3881    3907    3721
    3558    3558    3449    3396    3453    3419    3234    3084    3134    3052
    2924    2932    2819    2771    2781    2718    2554    2579    2543    2542
    2506    2414    2289    2341    2195    2228    2208    2062    2053    2019
    1977    1921    1875    1834    1710    1801    1730    1728    1663    1698
    1611    1584    1497    1422    1493    1414    1401    1397    1434    1311
    1309    1294    1227    1219    1207    1111    1198    1161    1128    1140
    1009    1051    1058    1049     991     985     938     947     886     977
     838     869     900     793     806     837     776     752     759     764
     758     723     707     653     706     676     659     635     587     580
     589     557     556     549     548     529     513     503     502     453
     490     450     481     421     441     400     398     422     413     395
     412     355     355     398     388     345     321     323     348     329
     321     309     301     273     288     304     231     257     297     268
     255     240     263     247     255     263     238     238     230     216
     230     222     227     223     173     172     191     189     185     205
     179     175     178     161     188     157     149     147     127     136
     148     144     162     132     122     135     120     124     112     119
     123     138     106     127     121     108     120     106     105      91
      99      99      85      85      77      74      90      94      66     112
      89      80      99      66      74      85      64      63      67      78
      74      65      68      57      70      57      66      57      52      61
      58      57      64      61      59      51      50      64      56      42
      64      51      56      41      51      50      44      45      48      38
      46      32      38      43      32      45      43      26      39      40
      41      47      40      40      26      39      37      31      33      33
      28      37      38      28      31      26      29      21      34      30
      27      30      33      29      20      23      24      26      31      25
      21      25      20      23      26      24      27      24      14      29
      25      20      15      20      14      22      13      17      19      21
      13      24      11      21      10      19      14      18      16      11
      11      24      15      23      22      13      13      12      18      16
      17      10      12      12      19      15      12      18      20      13
      15       9      10      18      16      22      10       8      14      13
      10       8      11      14      13      16       9      15      17      14
      14      15      10      10      14      11       6       8       7      10
      16      17       8      10      10      11      13       8      12      10
       8      10       7      16      17      12       9      10      10      18
      17       6      12      10       5       8      10       6       9       6
      14      11      11      13       6      12       8      13      11      13
      10      17       7      10       9      10      11      16      12      12
      11       9      11       8       7      12       9       6       9       5
       8       9      10       4      10       5       9      15      11       9
      12      15       5      10      11       6       8       8       9      12
       7      10       8       6      11       9       6       7      10      14
       8       9       8      14       8      10      10       3       9      11
       6      10       7       8      15      13      11       7       8      11
       7      11       7       9      12      17      12       8       4      11
       7       9       8      15       4      15      13       7      10       9
       8      10      11      10       8       9       6      11       7       8
      12      16      11      15       8      10       4      11       6       9
      12      12       7       7       6       1       7       9       7       9
      10       7      11       6      11      13       6      11       8       7
       9      12       7      10      10      14       3      13      11      13
      10      11      10       9       3      10      16       9       6      11
       7       8       4      13      10       5       9       4      10      14
       9       7      10       7      10       3      12       7      11       6
       7      10       5      11       8      11       8       7       8       7
       7       7       8       9      10       6       6      10       7       4
       3      10       3      16       9       8       8       8       8       9
      10       9       9       9       9       8       7      13      11       6
       4      12      12       5       4       8       7      12       7       8
      11       5      11       9       7       6      10      10       7       8
       8       8      11       3      14      11       5      10       7      11
       8       6      10       7       9      10       6      10       6       4
      14       5       7       7      11      11       8       9       8       5
      12       9      11       9      12      10       6       8       7       7
      12      12       9       7       9       5       4       5       4       8
      11      12      10       7      13       8       6       9       8      10
       6       8       8       5      11       9       5       9       5      11
      11       9       5      11      12      10       6       4       4       7
       7       7      10       7       5      11       3       9      13      12
       6       7       8       9       9      12      10       8       6      10
       9       7      11      12       8       5      11       3       9       3
      14       5       9       8       8      12       5       6       6      10
       6       8      11       6      15       6      10       6       6       9
      11       7       7       9      10      10       5      12       7      12
      11      10      12      14       8       6      10       5      14      11
      12      12       4       9       8      11       8      10      16       6
      13      13       6       8       9       4       8      10       5       6
      10      11      11      13       5       4      10       3       6       6
       7       7       5       9      15       8      11      12       7       9
      10      11       6      11       4       9      11       6       8       9
       5       3       8       4       6      14       8       9       5      14
      14       5       8      16       5       9       8       9       6       4
       4       7       6       9       4      11      10       7       8      20
       8       8      10       4       8       6       8      11      13      10
       6      10      11       5      12       6      11       6      15       7
      10       9       6       7      12       7       7       3       7       9
      10      10       8       3      13       7       5      10       6       4
       4      12       5       4       7      10       9       9      13       8
       9      12       4      10       4      12       8      10       5       6
       9       9       6      15       8      11       9      12      12       6
       9       7      10       9       7       7      11       8      14       4
       6      11      14       5       8       6       7       8      12      12
       9       7       8      11       4      10      13      10      12      11
       7      12       5       7      12       1      10       9      11       7
      11       7       6       7       6       5       6       7       3       7
       7      10      11       5       6      13       6      10       7      14
       7       4       4       7       5       8       9       8       7       5
       6       5       8       8      10       5       7       8       7       7
       5       9       9       4       5       4       8       7       7       7
       9       9       7       3       5      11       9      12       2       8
       8       8      16      12      10       6       7      13       9      10
       2      13      11       9      12       9      13      13      10       4
       7      13       9       7       8       7       6       8       5      12
       4      11       9       6       9       8       6       8      11       5
       8       8       7       6      11       8       9       7      11       7
       5       4       8       8      11      13       8       5       8      14
       9       6       5       9       5      10       7      10       7       9
       6       8      11      13       9       6      10       6      13       5
      12       4      10       5       8      13       6       8      10       6
      12       8       6      11      12       8      14       9      11       6
      10      10       6       6       8      10      10       9      15       8
      10       7       7       7      13      11       5       9       5      14
       6      12      10      14       4      12       8       9       8       9
       7       9       7       5      11       4      11      11       9       9
       6       8       9       7       4      15       6      14       7       7
      11       9      11      12      11      14       6       9       5       7
       7       6       6       9       8       8      12       6      12      13
       5       6      10      10       8       6       9       9      11      15
       7      11       5       9       9      10       5       8       9       8
       9       8      10      12       6       8       6       8       7      13
       7       6       6      10       8      11       6      13       9       9
      10      15       7       8       6      12       7       8       9      11
       9      10      16      13      13       8       7       6       8      14
       7       3      13       9       9      10       7      10       7       9
      10       8       9      13       4      12       7       5       8       5
      12      12       7      12      12       5       9      10      11      11
      12       5       5      11      11       7      10       5       6       6
       6       8       8      11       6       7       8      10       6      10
       7       5      11       5       8       4      13       7      10       9
       6       8       8      13       5       6      13       9       8       7
       7      10       8       7      11       8       5       9       7       9
      11      11       6       7      10       8      15       2      12       5
       9      10      10       5       6       9      15       6       7       7
       7      12      10       9       9       6       8      10      11      12
       6       8      12       5       5       9       6       6       6       5
      11       8       7       6       7       9       4       8       3      10
      10       8      10       7      14       5       7       6       7      12
       8       1      13       6       8       8       5       8      10      14
      10      10       6      11      11       9      11      12       5      11
       3      10       5       7      10      10       5       5      10       4
      12       6       7       5       4      11       7       8      12      13
      10       8       8       9       7       9      11       9      11       8
      10       7       6       8      11       6      14       7      11       7
       7       3       4       4       9       3       8      15       9       6
       7      13      12       8      15       7      13       7       6       8
       7      10       9       4       6      10       7       8       5       7
       7      14       6      10      14       4       6       6       7       9
      11       8       5      11       4       7       6      12       6       8
      11       6       9       9      11      10       8       8      10       9
       7       7       6       5      10       9       6       5       8      11
       6       7       7       8       6      15       4       6       8       9
       9       9      11       8      13       9      13       7       8      15
      18      11       6       5       6      13      11       6       5      13
       7      10      11      10       9       3       4       7      12       9
      17      10       8       6      10      10       6      12       9       9
       6      11       5      13       6       6       7      10       4       8
       8       9       4       7       6       7       9       8       9       1
      12       5      11       5      10       7      10      13       8      12
       5      15       7      10       7       6       7       9       4       4
      10       9       5       9       7       5       7      10       7       6
      12       6      13      11       8       9       8       7      13      13
      10       7       7       8       8      15       9       9       3       7
       8      16      12       7      13       6      13       6       9       4
       8       4       9       7       7       7       6       6       8       7
       3      11       6       6       7      12      13      12      11      11
      10      11       9       7       6      10       6      13       6      12
       9       9       8       5      18       6      10       8       3       8
       8       9       4       9       4      14       6      13      12       5
      13       6       7      10       7       9      11       5      11       4
       5      12      11       4       2       6      11       5       8      13
      10       6      13       8      12      10      12       8      11      15
      11      13       8       5       8       8       7       8      15       8
      10       6      10      10      11       5      10       5      14       8
       5       8       8       8       8      10      15       6       9      14
      10       6      10       7       8       5       5       6       8      12
       9       3       8       6       8       3      11      13       9       6
       7       2      15       9       6       7       5       3       6       9
       7       7       8       6      15       7      12       9       8       8
      13       6       8       3       7      10      11       3      10      16
      11       9       8       8       6       8       7      10       7      15
       7       7       5       6      13      10      10       5       8      10
       2      12       5      11      10       2       8      13       8       6
       8       5       6      11      11       8      11       8      10       9
      12      13       8       9       4       6       7      10      10      14
      12       5      11      10       8       8       9      14       7       9
       7      12       7      10       3       7      11       8       5       9
      10       9       7       6      15      10      10      10       9       9
       5       9      12       6      10       9       9       2       8      13
       5      13       8       9       4       5      13       8       7      11
       6       9       8       8       9       9       5      10      16      11
       5      12       6      11      12       7      10      10       8       9
       7       7       4      12      14       9       9      11       9       6
      12       9       9      12       9       9      11       6       8      11
      14       9       8       7      11       5       9      10       7       9
       9       8       8       8       7      12       9       7       8       6
      12      10       6       9       5       3       5       9       7      10
       9       6       6       5      11      10      13      17       9       7
      13       8       6       4       7       3       8       6       7       4
      14       4       8       8       3       9      13      11      13      11
       8       8       9       8       7       9       8       7      14       5
      10       5      11      12       4       1      10      14       4       6
       6       8       6       7      12      14       7       7       7       8
       9       6       6       6       5       9       8       4      11       5
       6       9      13       9       8       6       9      10       8       6
       6       6      15       5      10      11      14      10       7      13
      11      11       6      10      12       9       7       9       4       6
      14      10      13      10       5      11      13       9       8       6
       8       7       8       8      14       8       6      10       9       5
       8      12       6       4      11       7       6       8      13       6
       8      13       6       9       8       9       7      11      12       9
      11       5       8      11       6       7       7       8       8       7
       7      15      11      11       8      10      10       5      11      12
       5       3       6      10      12      14       4       6      14       5
       8       7      10       5       4       5      10      10       9       3
      10      10      11       8       6      13       5      11       7       6
       8       8       7       9       6      11       8       8       8       9
       6       4       5       4      12      11      10       7       9       6
      10       9       9      10       9      13      14      15       8      13
       8       4       4       5      10       3      10       7      11      10
       8      13      13      10      10      10       9       8      17       9
       8      12       7       4      10       9       9       4      11       8
      12       8       9       5      12      15      13      12       9       8
       5      10       8       8      14       8       5      15       7       9
      12      11       6       6       9      10      10       6       6       5
       5       7      12       3       9       6       6      12       9      11
      11       6       6       6       7      10       4       5      10      14
       5       6       8       4      14      13       5       5       6       7
       3      11       9       4      12       8      13       9      10      11
       7      10       8       7      13       5      10      10       8      15
      10      11       4       8       9       9      11      11       9      10
       7      13      11       4       9       8       9       9       6      10
       8       5       6       8       8      13       9       4      12       5
       9       9      13      10      15      17       7       7       9       8
      11       4       8       7      10      18       8       7       3      10
       4       5      10       7       9      11      10      12       8       6
      11       3      11       6      10       9      11       8       8       5
       7       9      11       6       5      11       8       7      12       7
       8       8       8       8       4      11      12       9       8       9
       9       6      10      12       6       9       8       8       9       9
      10       8      11       6       9      10       8       7      11      12
       5      17       4      13       9       8       7       4      11       8
      13      10       9      14      13       4      10       3      11      13
       6       3      11       3       9       5       6       9      17       9
       5      16       5      13       5      10       8       7       5       2
      11       9       5      12       8      10       8       9       6      11
       7       9       5       5      10      12      10       5       9       9
       9       9       5       8       9      10      11       9       5       8
       6       6       6       8      10      10       6       6       8      10
       5      10       7       9      14      10       7      15      12       9
       5       6      11      14       6      10       7       5       6      11
       8      10      20       4      10       5      10      10      10       4
       7      11      10       6       7       6      11       8      11       8
       9      11       6      10       9       4       8       8       6       8
      12       6       9       4       5       7       6       5       9      12
      10       6      10       9       5      12      11      10       5       5
      10      10       6      10      11       9       4      10       7       2
       9       4       5      10       8       9       7      10      12       7
      11       5       9      11      11      12      11       5       8       9
      10       7      10       6      13       8      13       9       9      11
      12       4       7       7       6       7       5      10       7      11
       8       5       2       8       8       6       9       4      12      13
       8      14       7      10      14      11       8       7      11       6
      11       7       6       9       9      13       5       5       5       8
      13       7       9      12       4       8       4       8      11      13
      10       5       9      10      10       7       7      13       7       6
      10      10       7      12       6      13       6      11       9       6
      12       8       9      12      10      13      10       9      12       4
      12      10       6       7      11       6      12       4       8      11
       8       6       7       8       8       9       8       6      10       4
       9      11      11       2      10      10      18       7      10       9
      12      10       6       8       7      10       9       6       9       8
       7      11       5       9       7       8       4       7       9      11
       8      10      13      13       9       8       4       5       6       2
       8       5      10       5       7      10       7       9      11       8
       5       9      12       6      10       9       9      13      12       6
       6       4       4       8       5      11       9      10      13      11
       7       6      12       3       4      10      11       5       8       6
       5       8      13       7       4      10      11       8       2      10
      10       4       5       7       7       9      10       7       6       7
       9      10       8       2       9       6      10       7       5      16
       8       5      12       6       7      11      10       6       9       7
       7       5       9       6       7       8       6      10       8       7
       6      13       9      11       8      12       6      10      12      13
       6       9      14       4       9       7       9       7      10       7
       6       7       6       9       9      13       6      12       8      11
      11       7      11      12      12       6       7       8       8      10
      15       9      14       3       9       6       9       4       5       9
       5       7      10      13       6      14      11       4       6       7
       8      12      10       4      11       6       8      11       4       4
      10      12       8       8       5       7       8       7       5       9
       6       6       5       4       3       8      11       6      10      10
       8       7       8       4       5      14      13       8      11      10
      10      17       6       6       9       7       5      10      12      13
       7       6      12      10       4      11       7       4       8       4
      10       5       8       8      10      10      10      14       8       6
       6      13      13      13       9       6      10       4       5       4
       5      10       7       8      16      11       7       7       9       9
       8       8       6       4      12       6       7       4       2       9
       9      14      15       3       5       9       8       6      12      12
       6       8      12      11       7      14      11      10       3       6
       9      13       6       9       8       9       6      13      11       7
       7      13       6       5       4       7       9      11      10       6
       6       9       5      10      10       9       6       8      13       2
       2       9       3      10      13       9       7      14       7       7
      13      12       7      10       8      14       6       3      10      10
      11       6       8      12       5       8      12       7       8       7
      15       6       9      10       5      10      13       9       9       9
      10       9       8      10      10       9       8      11       2       8
      14       9       9      12      10      11      10       8      11      11
       3       9      14       9       8      11       5       7      11       9
      13      10       8       3       8       8       9      15       9      10
       8      13       9      10       7       9      10      11       2       6
       7       5       9      12       5       6      18       5       7       5
       7      16      10       6       9       8      12      11       8       7
       7       8       6       6       7       9       9       5       6       9
       8       6       7      11       9      12       5      14      13       7
      14       9      12       7       7       7      10      10       8       5
      12       5       8       9      10      14       6       9       9      12
       8      12       7       3       4      11      12       8       9      11
       8      12       7      10       8       5      10      11      12       8
      14       6      14       6      10       9      10       6       3      14
       9      14       4      11       7       8       6      10       5       9
      12      11      10       8       8       6       8      12       8       7
       6       5       4      11      11       5       8       7      11       9
       8      10       4       5       9      12       6      12      11       7
       8      14       6      11       7       4       7      12       9       5
       8       9      11      10      10       8      11      10       7       8
       4      14      11       5      12       5       9      11       8       7
      13      16       8      10       8       4       5       5       9       8
       4       6      16       2      12      12       4       7       9       7
       9      12      12       4       7      13      14      12      10       9
      10       6       8       7       4       5       9       8       9      12
       5      10       9       7      10       9       9       6       9       8
       7       6       8      11       9      10       9       6       6       6
      12       6       9       9       4       6       9       8      14       7
      11       5      12      11      12       9       4      13       8      14
      10      14      15      13       6       8       8       4       8       9
       8       6      11       8       6      10      11       8      13       6
       8      10      11       9       8       6      10       4      11      15
       4       7      13      11      10      11       8       4      11       5
       7       9       3       8       7       5      12      14       5      11
       6      10       7       3       9       7       7       8       9       7
      10      10       5       9       1       6       9       8       5       7
      10      15       4       8      17       5       6      13       8       1
       9       7      13       6       9       9       9       7       8       6
      10       6       9      11      13      12      11       8       7       8
       6       6      13      13      16       8      10       2      13      13
       7      12      14       9       6       7      14      10      14       8
       4      10       9       7      11      11       6       5       9      12
      12       6       8       9      12       9      11       6       6      10
       7      14       7       7       7      13       9       8       5       4
      12       9      10       8      12       8      13       7       4       9
       8       7      12      14       8       9       6      12      12       7
      12      14       3       9       7       6      10       7      11       6
      13      14       9       3      13       4      11      12       6      11
       7       7       5       9       7       7       7      10      14       9
      11       7       9       9       5       9      10       6       7       6
       7       7      11       6       7       9       9       5      10       7
       6      15      13       7      10       9      12      12       8       2
       5      14      10       8      10      10       9       6       9       8
       9      11      13       4       7       9      10       9       7       5
       5      11       8       7       7       6       4       9       9       6
       9       9      12      11       6       6       5       7       8       6
      12      13      10      12      12      13      12      10       7      11
      10       8       9       9       9       7      11      11       8       8
       4      12      14      12      10       8       8       5      11       9
      10      12       7       6       7       8       9      10       7       9
       6      10       7      13       4       6       7       9      10       8
       9       6       5       6       7      11       7       9       9       9
       9      11      12       6       8      12      13      11      10      14
       5      13      17       4       1       9       6       7       7      10
       6       9      10      12      11       7       5       5       4       9
       4       9      14       7       5       3       5       2      10      12
       9       3       7      11       8      10       8       9       8       9
       6      11      14      11      11       9      11      10       7       5
       7      14       6      10       9      13       7      10      10       9
      14       8       8       7      14      10       5       8      10       6
       6       9      11       5       7       8      10       7       6      11
       9       5       6       9      10       7       4       8       5       6
       6      10       8       6      11       9      13      13       6      12
       6       8       7       6       6       7      10       6       8      12
       9      10       9      10       9       7      11       3      13       6
       9       9      10      11      10       9       9       8       5       9
      13      11       8      10       7       9      13       6       7       5
       7      10       9       6       8      10      12       8       7       8
       7       8      15      11       6       9      12      14       6       9
       9       2       8       6       4      13      10      11       6       7
       7      12       6      10       8       5       8      11      10      11
      11       6       9       9       4       7      11       5      11       8
       3       6       7      11      12       8       8      10       5       8
       9       6      11       5       6       5      12      10       5       6
      11       5      12       9      13       9       8       5       7       8
       9       7       7       6       8       6       7       6      13      11
      13       7       9       4      12       9       6       8      11       9
       9       9       9      10      13       4      12       6       5      16
       6       6       7      19       6       9      10       9       4       3
      12      11       9       6      11       8      10       7       8       7
      11       9      10       5       7       8       9      14       6       6
       6      16       7      11       6       6       9       5      10       6
       5       9       5       6      12      13       8      13       5       4
       9       9      11       9       5       0       9      11      11       6
       9      11      10       8       4       7       8       4       9       9
       4       8       6       8      14      14      11      12       9       8
       6      10       3      11       6      12       4       6       8       7
      12      14      13      10      10      10      10       4       7      14
       3      12      14       6      12      13       8      11      11       5
       6      13      12      10       9      11      12      13      14       5
       8       8       4       8       7       8       9       3       3       9
       6      10      15       8      12       6       9      15       9      11
      12       9       7      10      11      11       5      11       8      11
       7      11       8       9       5       6       7       8      11       4
       5       9      10      10       6      10       3       4       6      15
       8       7      13       7      10      11       9       9      11      11
      10       5       8      10       9       7       8       5      10       8
       6      12       7       8      13      13      12       6       6       7
       8       6      12       7       9       7       8       5       8       7
       4       9       9       6      11      11       9      10       9       7
       9      14       6       8       9       9      10       5       9      13
       8      10       7      15       7      12       6       8       6       8
      11       9       7       1       7       7       8      10       7       7
      13       9       3       9      10      12      10       5      10       9
       9       6       8       3       6      12       4      10      12       9
       6       7       3       9       8      10      11       7       7       8
      12       6       8       7       4      11       6       6       7      12
      10       8       7       5       8       8       8       5      13       9
       7      14       6       9       8       5       9       7      10      11
       8      13       8       9       7       8       6       6      14      14
      13       8      12      11       6      13      11      10      12      13
      11       8      13       7       3       7       6      17       7       7
       8       4       5      10       8       5       9       5       9       8
       8       9       7      11      11       8       7       2       6       5
       7       5       7       6      10       9       8       9       5      10
       7       7       3       7      10       7       6       6       6      12
      11      10       8       9       9       4      11      17       7       5
       8       3       6      15      10       4       8       7       7       9
       6       5       6       4      12      13       7       4      12       7
       7       5       7      11       3       9       8       5       9       8
       4       7       8      13       4       9       5      16      18       9
       6      11       8       9      11       9      10      10      10       7
       9      10       9      12       8       7      12       8       8       8
      10       8       3       6      10       5       5      14       9       8
      18       9      12      12       7       8       7       7       7       9
      11      10       3       5      10       6       8       7      12       8
      10       3       5       9       9      13      10       8       4       7
       8       9      10       9       9       6      12      12       7      13
       5       9       4       9      10       8       6       9       6      11
      14       8      10      11       8       6       8       9       8       7
       8      10       2       8       9      10       9      10       3       9
       6       5       8       9       6       3       9       8       9       8
       5      10       5      11      13       7       7       9       8       4
      11       8      10       7       7      17       5       9      16       9
      10       7       4       6       5      13      10       6       8       2
      10       9       3       8      10      10       9      11      12       8
       6       7       9       9       9       8       8       9       9      11
       8      11      13       3      12       5       7       9       9       7
       4      10       9       9      12      10      11      13       7      10
       5      11       7       6       6       8      12       5       9      10
       8       7       6       5       8       6      10       5       3       8
       8       4       9       9       6       4       7       9       4       7
       7       7       5      12      10      13       7      11       9      15
       8      12      11      11       7       9      11       6       9       8
      10      13      10       7       8       6      13       9       4       6
      10      10       6       9       8       5      13       6       8       8
       8      12       5       6       8       7       8      12       7       9
       8       7      12       3       6       8      10       9       4       7
       7       9      10      12       9       6       5       8       8       8
      11       6      15       5       7       4      11       4       9      10
      12       6      11      11       7       7       5      10       7       8
      13      11       9       7       4      12      10      10       6      11
      11       9       5      10       8       9      12       5       8      11
       3      11      10      16      12       6       5       3       7       8
       6       9       9      11       8       6       8       9       6       9
      12       5       4       4      16       3       8       5       9      10
       3       2       7       9       8       5       5      12       5      10
       8       3       7       7       8       9       7      11       7      11
       8      11       9       9       2      14       5      12       5       9
      12       5       8      10       5       9       7      13      10       7
       6       8       6      14       6      10       6      11       9      11
       7      14       7       7       5      10      15      10       7       7
      13      11       6      10      11       4       6       4       9      11
       9       8       9       9       6      11       4       8      11       5
       9       6      10      13       9       7       5       4      10      11
       8       5       7       8      10      10      11       5       9       4
       5      10       6       7      12      11       4      11       7       8
      12       8       9       7       3       9      10      11       8      12
       4       8      11       5       3       5      13       5      10       3
       7       9       7       7      10       9       9       6      13      12
       9       8      12       5       5       8       4       8       1       6
       7       7       8       9       6       6      13      12       6       7
      10       5       8       7      10       5       7       5       4       9
       7       6       9       8       8       9      14      13       7       9
       7      10      10       5      14       7      11       9      10       8
      12       8      11       4       5      12      13       9       6      10
       5       7       3      10       5      16       9       8       6       3
       6       5       4       5      10       8      12      13       8      14
       7       7      10      11      15       5      18       9       8      10
       6       6      11       8      14       6       9       6       7       8
       9       4      11      12       8       7      12       4       9      14
       6       6      10       8       6      10       8       8       9       6
      10       8       4       8      11      10       8       5      18       2
       9       2       8       7       9      10       8      13       7       6
       5       7       9       7      10      12       5      15       8      12
       6       6      16      10      10       3       7       5       5       9
       7      10       5       6       8       4      10       9       7       7
       5       6      10       7       6      11      11       9      12       6
       7      11       3       7       9      11       9      12       3       7
      11      10      16       8       9      13       9       3       9       6
       6       2      11      10       9      12       8       4       9       6
       7       9      13       8       9       6       9       7      18       6
      10       3      10      11       6       6       7      11       9      11
      10      14      10       9       5       3       7       9      10       9
       5       9       7      10      10       4      10      13      14       8
       5       6       3       5       5      15      10       7       9       8
       6       5      12      11       4       7      10       7       7       7
      14       9      18       7      13       8       7      10       5       7
       3       8       8      11       4      11      12       5       7      13
      15      11       5      10      14      10       4      13       8       2
       9       6      13       6      11       4       7      11      11       8
      16      14       8       5      12       8       6       6       8       5
      10       9      12       9       5       8       7      11       4       6
      11      10       9       7       8       9      10       7       6       7
       9      11       8      11       9       7      13       7      10       5
      10       6       3      11       9       7       8      11       9       7
      13      10      16      10       4       5      10       3       8      10
       8       7       7      10       7      12       9       7       9       3
       7       5       4       6      12       6      10      12      11      15
       9       5      10      12      13       6       8       3       7      13
       9       5      14       6      13       3       6       5      10      13
       6       8      10      10      10       9      12       6       5      10
       4      11       5       4       5      10       8      14       7       9
       7      14      14      12       8       8      11       5       5      12
       6      16      14      10       6       5      16       7      12       7
      10      11      10       8       7       8      11       8       7       7
      15      12       6      12       6       8       6       4       7      13
      13      10      12      14      11      10      10       9       8       8
      12       9       4      15      13       7      15      13       7       8
      14       7       9       7      12      11       9       2       8      13
       9      10       9      11      10      11      11      11      10       8
       4       6       7       6       7      11       9       8      12       9
      10       8      17      11       3       8       5       7       4       8
       8      11       7      13       5       8      11       7       9       5
       8      10      11      12       8      11       7       4       9      13
       7       4       6       8       6       5       5      10      11       1
       6       6       7      12      20       8       4       8       8       7
       5      10       6       5      11       9       4       9      11      10
       6       6      10       4      12       8       6       6       3      12
       8       6       7       6       5      13      11       9      10      15
      10      11       7       6       8      12       3      10       5      10
       6      11       6       8       3       9       6       8       9       7
      10      15      10       6      13      12       9       6      10       7
       5       7       6      10      13       6       6      10       8       7
      10       7       5       7       8       6      11      11       8       6
      16       7      10       4      11       5       6       7       6      13
      11       8      12       6       9      11       7      12       8       5
       7       6       7       9       8      12      11      11       6       5
       8       7      13      10       8       8       6      14       9       7
       8      10      11       7       5       9      12       7       8       5
       6       7      10      10       5      13      12      13      11       9
       7       6       6      14      10       8      11       8       6      16
       9      10       9       8      13       9       7      11       7       7
      11       7       5       5      10      10       5       9      16       8
      15      15       9       8       8       7       7       7      13      12
      12       7       9       9       4       3       7       8       9       5
      13      11      12      16      10       9       8      10      13       8
      10       8       8       9       8      13      12      10       8       8
       7       9       9       7       9      14       8      16       9       7
       6       6       8       5      12       3       6       3      10       5
       1      10      14      10      10       9      13       9      10      10
       7       5       6      12       9       7       9      10      12      10
       7       4      12      10       5       5      12       4       5       8
       6       5      13      10      11      12       5      11       5       7
       5       5      11      18       5       9       6       7       8       9
      11       7      12       8       8      12       9      10      12      10
       9      10       6      14       8       8       6      10      11       9
       8       7       6      13       6       5       8       5       8       3
       8       3      11      11       7       4       6       9      10       6
       7       7       6       3       9       7      19       8       9       8
       9      11      16       6       9       9       4       5       6      14
       8      14       7       5      14      10      15       6       9      12
      12       7       9      12       4       9       6       8       7       8
       5      10       9       9      12      11       8       4       3       9
       7       7      11      12      10      13      11       8       7       6
      17      11       9       5       8       9       6       8      10       8
      10      11      10       7       7       7       6       9       7       7
      16      11       9      11       6      13       5       5      12      11
      10       9       5       3       4       7       4      12       9      16
      10       4       7       7       4      11       5       6       8       7
       6      15       5       8      14       9      10       9      11      12
       6      11       6       9       8       8      13       6      10       5
       6       9       5       7      10       4       5       7       8       7
      10      11       4      10      13       7       6       8      14      11
       8      11      13       6      10       8      12       7       5      12
       7      12       8      13       7       9       9       9       7       3
       7       6       7      10       9       4      14       7      11      10
      10       8       8       3       8       7      15       6       7      12
      10       8      10       7       9      13       9      11      13       7
       5       5      11       9      10       5       9      12       7       8
       8      13      10       5      12       5       5       7       8      13
       8       4       7      12       3      15       7      12       9       6
       9      12       9       7       7       6      14       6       7       2
       9       9       9       6      13       8      11      10       7       3
       9       7       4       6       9       8       6       6       5       5
      12       8      10      10      10       8       9       4       9       7
       5       6       9       9      13      10       6      12      13       5
       6       7       6       8       6       9      10      14      10       5
       4       8      12       8       6       8      12       8       9       6
       9      12       4       6      12       8      11       8       9      11
       8      10      11       4       3      13      10       8      13       8
       4       9       7      10       6       8       7      10      11       7
      12       3       6       8      11       9       4      12       7      10
      14       9      13       4       7       6       6      12       9      10
       7       7      12       7       8       4      10      11      11      11
      19       7       9      13      13      16       7       7      13      10
      11      12       8       9      11       8      11       6       7      11
      12       8       7       8       8      13       9       7       5       6
       8      11       5      10       9       7       8       7       4       7
       8       4      10       9       4       7       5       8       9       8
       7      13      15       4       8       7       3       5      10       8
       7      12       9      10       8       8       6       6       9       9
      10       7       6       3       4       9       9       8       8      14
       7       8       8      11       3      12      13      10       6      12
      10       8      15      14      12      10       5       9      11       5
       8       8       9       9      14       8      10       9       6       5
      12      10       5      11       7       4      10       9       5       9
      10       7       3       9       7       4       6      13       6      14
       5       8      12       6       8       7       7      13      10      10
       5       5       9      10       1      10      13       7       9      10
       5       5       6      11       9      10      11       7      10       7
       3       8      12      11       8       6      10      14       7       7
       9      11       4      12       7       8       9      10       9       5
       8      10       5      11      10       7       5       7       8       7
       7       8      10       8       8       8       4      10       3       7
       7       6      17       7       8       3       5       2       7       5
       8       8      12       6      10       4       6       2       6      11
       8       9       8      11       8      11       9       7      10      13
      12       6       5       8      14      11       6       9       7      12
       9      13      11       3      12       7       8      12       9      11
       8       6       7      14       7      11       8       5      11       6
       7       8      11       3       9      10       4      10       9       4
       5       6       6       9       7       5       4      16      12      10
      11       7       8       8       5       8       5       7      14       7
       8       5       8       8      10      13       9      10      13       8
       5      11       8       4       7       3      13       7       6       8
       8       5      10       6       7      10       9      13       9      16
       8      12       6       7       6       9       8       7      11       6
      11      10       8      11       9       4       9       9       7      10
       9      10       7      12      12       7       6      12      15       6
       7       3       6      10       9       8      12       9      12       5
       8       7       8       7       8       9       6      17       4       9
       7       8       4       8      10       6       9       8       4       8
       5       9      11       5      13       9      15       8      11       5
      11       8      15       9       4       6       6       6       6       7
      11       6      11       8       7       6      13      16       4       8
      15       4       5       7       4      13      12      11      10       5
      10       5       8      14       9       6      14       9       7      11
       7      10       5       5      10       5      13       8      12      10
       8       9       5       5      10      11       6       9      11      10
      10       7      10      10       8       4      16      12      10       8
       5       5       8       9      10       5       9       4      12       8
      14       7      11       8      11      11       6       6      10      11
       5       7       8       8       7       9       6       3      10      10
       6      12       6       8       8      10      10       7      12       9
       7      12       6       4       5       7      15       9      11      10
       9      13      11       7       5       8      13       9      13      10
      10       6       6      11      10      12       5       7       8       7
       5       5       7      11       9      14       3      11      11      13
       7       2       9       9       8       5       5       6       5       9
      11       7       7      10       7      20      11      10       6       5
      13       4       3       3       7       7       8      10       7      10
       4       7      11       6       9       6      10       7       9       8
       7       8       6       8       6       8       8       9      13      11
      10       7       1       8       9      10       9       8       6       8
       1       6      11      13       9       7      11       5       6       7
      10       8       7      10      13       4      13       6      11       6
       2      11       7       8       5       5       4      13       9      10
      13      14       8       9       8      14       9      12      12       9
      14      13       7       8      10       7      14       6      11      16
       6       9      11      12       7      11      12       7       9      10
      10      12       6       8       5      14      11      10       8       7
      11       8      10       6       5       9       5       7       7       9
       5       9       7       7       7      13       3       6      10       6
       8       7      13       3      13       6       6       9       8       7
      12      10       8       6       8       3       7       8       5      11
       8       6       9       9       9      10       9       6      14      14
       9       8       7       5      12       4      13       9      10       6
       6      11       8       5       5       8       7       4       5      14
      10       2      13      13       6       6      13       9      13       9
       6       3      12       8       8       4       9       5      14      14
      10       9      11       9       5      13       4       6      14       9
       6      10       8      12       7       8      14      10       7      10
       5      11       4       7       8       6       9       9       5       9
       5      11       9       9       5       5      13      12      10       8
       5      13       8      10       4      10      12       8      16      13
      12       4      10       8       8       9       6       7      10       9
       6      12      10       5       8       6       8      10       7      13
       9       9      13       8       9       9       8       4      13      11
       9       4       4      13       9      13       4      12       9      10
      11       5       7       7      10      15       7      12      12       9
       8       8       7       7      10       7       7       5      10      12
       8       4      10       9       9       7      10       7       2      10
      12       8       8      11       5      11      14       5      10       6
      12       5       1      14      14       8      11       8       9       6
       6       8       7      11      13       7      11      12      12       6
       4      12       8       9       7       9      12       6       2       6
       7       9       9       4       8       4      14       6       8      16
      10       8       5       8       5       5       6      11       5       7
       8       5      11       8       5      10       7       6      10       5
      10       5      10      11      12      10       8      11      14      13
      11      19       9      11       4       6      12       8       8      11
       6      16       4      12      11       7      11       6       5       8
      14      12      11       5       5       5      14       2      11       6
      10      11      11      10      12       6      14       9      10       6
      10      10      12      13       5       3       2      14       8      14
      11      10       6       8       2      14       5       5      15      10
       7       8       8       8       7      14       8       8       8       7
       4       7       9       7       7      10       7       2       7       5
      11       6       7      11      11      10       5      10      10       6
      19       2       8      10       7      10      12      11       7      14
       7       7      13      17       5       6       8       8      10       6
       9      11      13       7      10       6       9      14       9      14
       9      10      13       8       7       7       7      10      13       7
      14       3       7       8      14       4       7       6       8       8
       5       8       2       4       8       8       9       8       5       7
       8      12       7       7       4      12       7      12       9      10
       9       8       5       9      12      11      12       9       9       5
      17      19      11       6      11      11       8      12      13      11
      10       6       6      14       6      12       3       9       8      11
      14       7       8      12      14       5       5       5       4      10
       7       5      10       7       9      13      12       8       4       4
      10       7       6      12      14      11       7       8       3      10
      10      14       7       8       7      10       8       7       6       5
       7      11       8       8       4       5       4       8       7       7
      11       8       8       8       5       9       7       8      11      12
       4      13      10       6       9       6      10       8      10       4
       3      12      13       9      11      12      15       6       4       5
       9       6       4      11      14      12       8       5      11       7
      14       7       7      19       9      13       7       2       9       6
      10       5       7       4       7       7      10      13       9      10
       4       5       9       6       6      18      13       7       8      12
       7       5       1       9       7       6       5       4       6      10
       8       4       7       9       4       8       5      10       4       7
       6       5       4       6       6      10      11       8       9       8
      14      11       9      10      10       3       8      11      13       3
       6      14       9      12       6       6       9      13      10       5
      12       6      14      11      10       8       4      13       9       9
       9       6      11       8       7       8      10       8       8       9
      10      10      11       9       6       7       8       9       7       6
      10       8       7      10       6       8      10       6       6       5
       9       9      12       8      11       8       6       8       4       7
       8      10       5       6       4       5       8       7      13      14
       8       8       7      13       8       4       9       8      12       8
       9       9      11      11      12       5       2       7       6      12
       5       9       4      13      14       8       7      15       7       2
       3      13       7      16       3      13       9       5      10       6
      10       5       8      14       3       8      13       9       4      12
       4       9      12       7      12      10       5       9      14       7
      11      12       8       8       4       4      16       8       6      11
       9       8       7       7       4      12       6       6       7      12
       7       7       6       6      12       6       8       8       8      12
       6      14       1       8       7       9       8      16      11       5
       5       4       7       6       8       8       6      10      14      13
      16       9       8       5      12       6       6       8       9      10
       7      10       4      14       1       8       3      12      13       6
       5       9      13       4       9       8       8       9       3      10
       8       6       7       8       6       8       8       7       9      16
      12       8       5       5       6       8      12       7       4       5
       4       4       5       9      11       7      14       8       8      10
      11       8       8       9       7      10       9       5      10       6
      12       9       8       7       9       3       9       4       7       8
       8      14       8      11       9       6       5      10       4       3
       6       6      12      13       9       5      10       9       3       7
       9       8       6      12       8       9       5      10       4      12
      13       9       9      11      13       8       4       9      13      10
      10       7       5       6       2       9      10      14      12       8
      16      11      11      13      12      11       5       3       6       3
       5       8       6      13      11      12       8      12       3       7
       6       8       8      12      10       7       5      10      13      13
       7       6      10       4       7      10       6      11       7       6
      12       7      10       9      13       9      12       6       6       7
       4       8      11      10       4       8      11       7       7       5
      11       7      11      13      11      12       7       6      12       4
       8      13       9       5       4       7       6      13      10      10
      10       5       6      10       9       9       9       9       8       9
      12       5      13       8       9       8       9      10       4       7
      10       6       4       8       8       8      10      14       7       9
      12       9      11      14       5      11       6      11       6       4
       9       6      12      14      10      10      10       6      11       8
       6      10      10       6       9       7      12       4       7       8
      13       6       5       4       6       9       4      10       8      11
       7      15       9       7      11       8       7       7       6       7
       6      11       9      10       5       6      10       7      12       6
       7       5       9      10       6       8      13       7       6      13
       6       8       5       9       6       9      14       7       5       9
       4       2      15       5       7       7      13       9       9       6
       6       9       8       3      13       9       7       3       5      18
       3       4       5      11      11      10       8      11      11       8
       5       4       8       6       7       8      10       6       8       8
       3       6       5      12       5       9       6       8      12      15
      13       8       4      10       6      10      11      10      11       8
      12       5      13      11      10       8       8       9      11       8
       8      11       2      10       7      10       5      12       2       6
      11       7       5       6       9      11       9       6      14      13
       8       8      10       9       7       7       7       7      14       5
       8      16      12       7       8       6       5      13       7       7
      10       6       6       4       7       9      10      10       9       5
      12      12      11      14      12       5       9       8       5      12
      10       9       6      10       7      12       7       7      11       8
       9       6      11       9      12      10       7      17       9      12
       4       6       7      11       7       4       8       9       7       9
       5      10      19      12       8      11      10      13      10      15
       6      10      13      13       8       7       9       7       7      10
       7       5       8       9      10       5      10      15      12       6
       7       9       6       5       5       6       8       8       9      12
       6       8       6      15       8       8      16       9       7       7
       9       9       3      11       4       5       9      15       7      10
       7      10      16      10       5      11       7       9       4       3
       8       5      10      11      12       7       6       8       7      10
       6       8      11      11       8       8       8      11       7      13
       6      13       3       8       8       7       7      12      13      13
       8      11       8      10       7       9      12       7      11       8
      11      12       6       5       8       7       2       6       6      13
      11       8       5       6      12       6      12       6       6      10
       5       7      12       8       7      12       6      12      11      13
       6       7       9       6       8      14       5       9      10       7
      15       9       6      13      15       9      10       9      12       5
       9      10       5      10       7       9      14      10       9       5
       8      12       8      13       4      13      11       9      10      10
      12       8      13       7       9       8       7      13      12       7
      14       9       4      10      10       4       4      12       4       8
      12       7      10       2       9      10      10      10      10       8
       8       8       5       8      13       5       8       7      14      10
      10      10       4       5       5       5       6       8      11      10
      10      10       4      11       5      12      12      16      10       6
      12      14      12       6       6      10       8       4       7       8
       8       6       9       9       6       8      11       8      10      11
       6       9      11       7       7      11       9       4      11      10
       7       9      12      10       6       7      11       9       5       9
       9      12       7       8      12       9      12      14       7       9
       4      16       7       6       9      10      10       9       9      12
       9      11      12      10       5       8      14       3      11      10
      12       8      12       3      15       7       6       9      11      10

